11000000101011010111110000000000
11000000000111011100000001000001
11000000011010001100000010001000
01111100000000000111110000000000
01111100000000000111110000000000
01111100000000000111110000000000
01111100000000000111110000000000
01111100000000000111110000000000
01111100000000000011010100000000
01000110001100010001000100110100
11111111001000010000001000110101
00000000010001110011000100010111
10000000000100110000001000110101
00000000010001100011001000110110
00000000000000010000000000000000
00001110001101011111100000010000
00110001000000110011001000100000
00000001011111001111111111111111
00110110000000000000000000000000
01101001001011010011001110000000
00011000000100100011011000000000
00000000000000000110100100101110
00110110000000000000000000000000
01101101000000100010110100010001
00000010000001100010111000110001
00110101111110000001010000110010
01111100000000000000000000000000
00000000000000000000000000000000
00000000001101011111100000100000
00110001001110000000000000000010
01000110001100111000000000010101
00110101000000001001000100110001
00010001001101001111111100100001
00000010001101010000000010010001
00110010001101100000000000000001
00000001000000000000111000110010
01111100111111111111111100110101
00000000101010100010110100110011
10000000000100000001001000000010
00110101000000001010101000101110
00011100100000000000011100110100
00000101001101010001011101101110
00000111011111000000000000000000
00000000000000000011100000000000
00001000010110000011100000000000
00001000101010100011010100000000
11010100001101000011010000111000
00000000001001100100010000111000
00000000000111010101001000111000
00000000000101000101010000110101
00000001000010000011010000001100
00111000000000000010011001000100
00111000000000000001011110110110
00001010001010100010101000101010
00100000010011100010111001001001
00101110010001110010111001000101
00101110001000000100110101100001
01100011011010000110100101101110
01100101001000000100011001001111
01010010010101000100100000100000
00101010001010100010101000001010
00001010010100000101001101000100
01010010010000010100110100100000
00110001001101100010000001001101
01000010001011000010000001010011
01010010010000010100110100100000
01100010011110010111010001100101
01110011001000000110011001110010
01100101011001010000101000001010
00000000000000000000000000000000
10000111010101000100100101001101
01000101010011110101010101010100
00000000000111000011001110000000
00001110001101010000000010101010
00101110001101011111100000101100
00101101001101000001000000100010
11000000000010010011010111111000
00101100001011010011010000010000
00100011001000010011010111111000
00101100011011100000000000000000
00000001000110001000001001001101
01010011000000000000111000110101
11111000001010000010110100001110
00110101111110000010100000101101
00000100000101101011111111111001
01000001000000000000000000000001
01000010100001010101001101000101
01001101010010010101010000000000
00001101001101011111100000011100
00110001001101000000001000100001
10111111111110000011010111111000
00010100011100100000000000000000
00000001010110011000010101010011
01001011010001010101100100111111
00000000000010010011010100000000
01000110001100010011010100000000
01000111001100010101011100000000
00000000000000010111001010000100
01010011010010110100010101011001
00000000000110010011100000000000
00000001011110101011111111111011
00110101000000000100011100000010
00110001000100010011010011111111
00100001000000100000011000110010
00110110000000000000000100000000
00000000000011100111000100000000
00000000000000011000011110000101
01010011010101000101100101010000
01000101000000000001101000110011
10000000000101100000010000110001
00111000000000000000000101100001
00010010001100111000000000001010
00110101000000000110100100101110
00110101000000000110110100101110
00100000110000000000001000000001
01000001000000000000000000000001
10101011100001010101001101011010
01000101010100100100111100000000
00001011001101001111111100000010
00110101000000000100011000110010
00110101000000000100011101110010
00000000000000000000000111010001
10000100010000100100000101010101
01000100000000000000110100110110
00000000001011111010111100001000
00000011000100010010110000000101
00110101111110000001100001110000
00000000000000000000000111101000
10000101010010110100101101000101
01011001001111110000000000001001
00110101000000001001000100110001
00110101000000001001001000110001
01010111000000000000000000000010
00000000100001000100101101001011
01000101010110010000000000011001
00111000000000000000001000001000
10111111111110110011010100000000
10010010000000100011000100010001
00110100111111110010000100000010
00000110001100100011011000000000
00000001000000010000000000001110
01110001000000000000000000000000
00000010000101011000100101010000
01010011001100100100010001000101
01000011010011110100010001000101
00000000110111000011010000010010
00000100000101100000010000110100
01011001000101100010001010000000
00000111000000010010000000110100
00000001110000001010000000110100
00010001000001000001011010000000
00000111000000010010000000110100
00000100110000001001010000110100
00010100000001000001011010000000
00000111000000010010000000110100
00001000110000001000100000110100
01011000000001000001011010000000
00000111000000010010000000110100
00000010110000000111110000110100
11100000000001000001011010000000
00000111000000010010000000110100
00100000110000000111000000110100
11110000000001000001011010000000
00000111000000010010000000110100
01000000110000000110010000110101
00000010001101010011000100000010
00110100010000000010000110000000
00000110000000010000000100100000
11000000010101000000001100000100
00110100000000110010000100000010
00110100000000010001011000000011
00110100000000100001011000100010
10000000000001100011010100000011
10011000110000000010010100000100
00110100001000000010000110000000
00011100000000100011010001001010
00010110100000000000011000110101
00000011101011001100000000001111
00000010001101000101101000010110
10000000000001100011010100000011
10011101110000000000010000110101
00000011100011111100000000000100
00110101000000110010001000001110
00110001000001000011010000001000
00100001100000000000010000110100
01100000000011110000001100110100
00000100001000011000000000000100
00110100100000000000111000000010
00011110100000000000001100000001
00100000001000000011010100000010
00110101000000100000011100110001
00110100110111110010000100110100
01000000000001000010000110000000
00010010000001000011010000000010
00100001100000000000010000000101
11000000000001000000001100100011
00100001001101001011111100100001
11000000000010110000010000110100
00000010001000011000000000000100
00100100110000000000001000100010
00001001011100100000000000010110
00000000000100100001000000001110
00001111000110010000000000010111
00010101000100110001000100001001
01100000000000000000000000000000
00000000000000000000000001110001
00110001000000000000000000000000
01111010011100110110000101110111
00110010000000000000000001100011
01111000011001000110010100110100
00110011000000000000000000100000
01110110011001100111010001110010
00110101000000000000000001101110
01100010011010000110011101111001
00110110000000000000000000000000
01101101011010100111010100110111
00111000000000000000000000101100
01101011011010010110111100110000
00111001000000000000000000101110
00101111011011000011101101110000
00101101000000000000000000000000
00100111000000000101101100111101
00000000000000000000000000000000
00001010010111010000000001011100
00000000000000000000000000000000
00000000000000000000000000000000
00001000000000000000000000110001
00000000001101000011011100000000
00000000000000000011000000101110
00110010001101010011011000111000
00011011000000000001100000101011
00110011001011010010101000111001
00000000000000000000000000000000
00000000000101000111111000000000
00000000000000000000000000000000
00000000010100010010000100000000
00000000000000000101101001010011
01000001010101110100000000000000
00000000010000110101100001000100
01000101001001000010001100000000
00000000001000000101011001000110
01010100010100100010010100000000
00000000010011100100001001001000
01000111010110010101111000000000
00000000000000000100110101001010
01010101001001100010101000000000
00000000001111000100101101001001
01001111001010010010100000000000
00000000001111100011111101001100
00111010010100000101111100000000
00000000000000000010001000000000
01111011001010110000000000000000
00000000000000000000101001111101
00000000011111000010111100001010
00000011000000000000011000001100
00000000000000000000000000001011
01111111000001010000000000000111
00000100000000000000000000000000
00000000000111100000000000000000
00011101000000000000000000000010
00111010100010000100001101010011
01010010001011010100000101000100
01000100010100100000000000010110
00110101000010000000000000101101
00100101001101010000100000010100
00101101001101010000100001001001
00110001001001010010100100000001
00001110001101011111100000000000
00101101010011100000000000000000
00000100000100011000100001000011
01010011010100100010110101010000
01001100010011110101010000000000
00001010001101010000011111101100
00101111001000100011100000000000
00000100000111000111000000000000
00000000000001000011011010000110
01000011010100110101001000101101
01001111010011100000000000010111
00110100010111110011010100000111
10100101001100010011010100000001
00000000001010100000000100100010
00111000000000000000010000011100
00000010001011110011010100000100
01101111001100000111000000000000
00000000000000000000000000000100
01001111100001110100001101010011
01010010001011010100111101000110
01000110000000000001101000110101
00000100011011110011000100111000
00000000000001000001110001110000
00000000000000000000010001110101
10000110010100110100001101010010
01001111010011000100110000000000
01000010001101010000100001001001
00110001001001010010100100000001
00110101111110000000000000101101
00001110000000100011011000000000
00000001000001100000000000011000
10000000000010110000000100110110
00000000000000010000011000000000
00100000000111001100000000011111
00000010001101100000000000000001
00000110000000000011010100001000
01001001001100010010010100110101
00001000001110010011000100101010
00000001000011100000001000000110
00011000100000000000011000000101
00100000000111001100000000000011
00000001001000000000001100110101
11111000000000000110111000000000
00000000000001001000110010000011
01000011010011000101001100000000
00011100001101100000000000000001
00000110000000000000001000110101
00111010100110000010000000111000
00000000000111101001001100110101
11111000000000000010111000100000
00110101000010000000000000101110
00100000001101010000100000010100
01101110000000000000000000000100
11011011100001010101011001010111
01000001010010010101010000000000
00001101001101011111100001001000
00000010001100010001110010111111
11111100000000100011000110111111
11111101010000010000000000000000
00000101000000011000011001010011
01000011010100100101001101000101
01010100000000000001100100110101
11111000000011000011000100110100
00011000001000010010011000100110
00110101000001010011110000001110
00000010001100010011010100001000
01001001001100100001000100110001
00110101000010000011100101110010
01010000001111000101000000110000
01100100010010110110010000111100
00000000000000000000010100011010
10000111010011100100010101010111
01001100010010010100111001000101
00000000011000010011010100001000
00010100001011010000001000110101
00001000001110010011000100010010
00010110100000000100101100000001
00110100000000010011100000000000
00000100100101011000000001000000
00110101111110000000000000101101
00110101000010000100100100110001
00100101000011100011011000000000
00000001000001100000000000110101
00111001110100000011100000000000
00011110000100110011010100001000
00111001001100010001001000110101
00001000010010010011000100100101
00101010000000010011011000000000
00000001000001100000000000001110
00000010001101100000000000000001
01111011001100000000001100001111
00010011001000000011100000000000
00011110100100110011011000000000
00000001000001100000000000110101
11111000000000000010111011000000
00000110000100010011010100001000
00010100001011100010000000110101
00001000000000000110111000000000
00000000000001010100100010000111
01000011010100110101001000101101
01000110010101110100010000000000
00011010001101010000100000000000
00101101000000100011010100001000
01001001001100010001001000010110
10000000000010000000000100111000
00000000000001010101001011000000
00000110000100010011010100001000
00000000001011100100000000000000
00000000000001011011011110001000
01000011010100110101001000101101
01000010010000010100001101001011
00000000000011010011010100001000
00000000001011010011001110000000
00000110000100100011010100001000
00000000001011100100000000000000
00000000000001011101111110000111
01000011010100110101001000101101
01010100010000010100001000000000
00100011001101010000100000000000
00101101001101010000100000100110
00101101000001000000010000101100
00000001000011110000111000000010
00110101000010000100100100110001
00010010000110011000000000001000
00000001001110000000000000000101
01010010110000000000010100110101
00001000000000000010111001000000
00000000000000000000010111111011
10000111010001010100110101001001
01010100010100100100000101010111
00000000000010010011100000000000
00000100010000010011100000000000
00000101110000010100000000000000
00000000000001100010110010000101
01010110010001010100110101001001
01010100000000000100011100110100
00001010000001000001011010000000
00001000000000010011100000000000
00000101010100101100000000111010
00110100000011010000010000010110
10000000000001000000000111000000
00110001001101000000100000000100
00010110100000000000110100000001
00111000000000000000010111101010
00100000001110000000000000000100
01000001110000000001111100110100
00001001000001000001011010000000
00001000000000010011100000000000
00000110000001011100000000010010
00110100000011000000010000010110
10000000000010000000000100111000
00000000000001001110000111000000
00000101001110000000000000000110
00110110010000000000000000000000
00000110010000111000011101010100
01011001010100000100010101010010
01000001010101110000000000011110
00110011100000000001101100000100
00001110000000110000001100000111
00000111000010000011000100111000
00000000000001100011011000001001
00010001000000100000100000011000
00011100000000110000011110111111
11110001000010010000100100000001
00000001010000000000000000000000
00000110100101101000010101010110
01010100010110010101000001000101
00000000001000010011001110000000
00011101000001000000111000000011
00000011000001110000011100001000
00110001001110000000000000000110
01001011000010010001000100000010
00001000000110000001110000000011
00000111101111111111000100001001
00001001000000010000000111000000
00000010000000010100000000000000
00000000000001101100001010001010
01000010010000010100001101001011
01000111010100100100111101010101
01001110010001000000000000000100
00110101111110000000100001110010
00000000000000000000011011101111
10000101010000110100111101001100
01001111010100100000000000001001
00110101000001111010000100001110
00110001001101010000011111101100
01110010000000000000000000000111
00000100100010100101001101000011
01010010010001010100010101001110
01001101010011110100010001000101
00000000000110000011010111111000
00001100001100010000001110000000
00000110001101000000100000100010
11000000000001000011010011110111
00100001001101011111100000001100
00110010001110000000000000000101
00100011010000000000000000000000
00000111000110011000101001010011
01000011010100100100010101000101
01001110010100110100100101011010
01000101000000000001110000111000
00000000000001001110000100110101
11111000000011000011000100000011
10000000000001100011010000010000
00100010110000000000010000110100
11101111001000010011010111111000
00001100001100100011100000000000
00000101001000110100000000000000
00000000000001110100001010001001
01000011010011110100110001001111
01010010010011010100111101000100
01000101000000000001010000110101
11111000000011000011000100000011
10000000000001100011010000000010
00100010110000000000010000110100
11111101001000010011010111111000
00001100001100100100000000000000
00000000000001110110111110000111
01010000010000010100110001000101
01010100010101000100010100000000
00000100001101010000011110100001
01000000001101110011101000000111
11110000111111110000000000000000
00000000000000000000000000000000
00000000000000000000000000000000
00000000000000000000000000000111
10010011100010100101001101000011
01010010010001010100010101001110
01000010010000010101001101000101
00000000000001100011011000000000
00000001000001100000000001000000
00000000000000000000011110110101
10001011010100110100001101010010
01000101010001010100111001010000
01001100010000010100001101000101
00000000000001000011010111111000
00000000010000000000000000000000
00000111110011001000001101001001
01001110010010110000000000000100
00110101000001111110110001000000
00111000000000000000000000000000
00000000000000000000011111100010
10000101010000110101001101010010
00101101010110000000000000000100
00110101000010000000000001000000
00000000000000000000000000000000
00000000000000000000011111110100
10000101010000110101001101010010
00101101010110010000000000000100
00110101000010000001010001000000
00000000000000000000000000000000
00000000000000000000100000001000
10000011010101000100000101000010
00000000000001000011010100001000
00100110010000000000000000000000
00000000000001110000000000000000
00001000000111001000010001010010
01001111010101110101001100000000
00000100001101010000100000111001
01000000001111000000000000000000
00001000001011101000010001000011
01001111010011000101001100000000
00000100001101010000100001001001
01000000011001000000000000000000
00001000001111101000011100111110
01010010010001010100110101001111
01010100010001010000000000001110
00110101000000010110000100110101
00100111000110100010111000110101
00000001101100110011010100100111
00010110011011100000000000000000
00001000010011101000011000111110
01001100010011110100001101000001
01001100000000000000111000110101
00000110010010110011010100100111
00011010001011100011010100000110
11001010001101010010011100010110
01101110000000000000000000001000
01101010100001100011110001001100
01001111010000110100000101001100
00000000000011100011010100000010
00011100001101010010011100011110
00101110001101010000001000001000
00110101001001110010001001101110
00000000000000000000100010000101
10000111001111000101001001000101
01001101010011110101010001000101
00000000000011100011010100000001
10001110001101010010011100011110
00101110001101010000000101111010
00110101001001110010001001101110
00110101111110000011110000000010
00110001001101000000000100100010
00000011011100100011010111111000
00111100000000100011000100110100
11111110001000010000001101110010
00110101111110000011110000000010
00110001001101000000001000100010
00000011011100100011010111111000
00111100000000100011000100110100
11111101001000010000001101110010
00110100111111110011010111111000
01000100011100100011010000001000
00110101111110000100010001110010
00110101111110000100000000000010
00110001001101000000000100100001
10111111111110100100000100111000
00000000000010001110110000110101
11111000001110000111001000110100
11111111001110000000000000001000
11110111001110000000000000001000
11101100001101011111100000111000
01110001001101000000011000100000
00000011000001110000011100111000
00000000000010001111011100001001
00010001000000100000100000011000
00011100000000110000011110111111
11110011000010010000100100000001
00000001010000000010000000000001
00111000000000000000100011111111
00000010001101001111111100010111
10111111111101100100000000111000
00000000000010010010011000111000
00000000000010001111111101000001
00000000000000000000000000000000
00000000000000000000100010100000
10000111010100110100010000101110
01101001011011100110100101110100
00000001010011010011010100010011
10001000001110000000000000000001
00100010001110000000000000001000
11100000001110000000000000001000
10111000001101000101000000100000
00000011000001110000011100110100
11111111001110000000000000001000
11110111000010010001000100000010
00001000000110000001110000000011
00000111101111111111000100001001
00001001000000010000000100111000
00000000000010001100001000110100
10010101001000000010000000100000
00100000001101000100000000111000
00000000000010010000110100111000
00000000000010010011001100110100
00000001000101111000000000001001
00110100011001000011100000000000
00000001010001111111111111100100
00110100100001110011010010101010
00110100000000010010000000100000
00110100010010000011100000000000
00001001000011010011100000000000
00001001001001100011010000000001
00010110100000001010001000110100
00000100001000000000001100000111
00000111001110000000000000001000
11111111000010010001000100000010
00001000000110000001110000000011
00000111101111111111001100001001
00001001000000010000000100111000
00000000000010001111111100000001
00110100101010100001011000000011
00110100000000010001011000100001
00000101000001011000000001110000
00110100000000010010000000100000
00100000001000000011010001110111
00111000000000000000100100001101
00111000000000000000100100110011
00000001001101000000000100100000
00100000001000000011010001000000
00110100011010010011100000000000
00001001000011010011100000000000
00001001001100110001110010111111
11011100001101000000000100100000
00100000001000000010000000110100
01111010001110000000000000001001
00001101001110000000000000001001
00100110000000010011010000000100
00100000000000110000011100000111
00111000000000000000100011111111
00001001000100010000001000001000
00011000000111000000001100000111
10111111111100110000100100001001
00000001000000010011100000000000
00001000111111110000000100000001
00000001000000010011010001000000
00100001100000000000100100110100
00000011001101010000100100111100
00101110110000000000011100110100
00000001001101010000100100111100
00101110001110000000000000001000
11100110110000000000100000110101
00000011111010010011100000000000
00000000000000001100000000101010
00110100000000010010000000100000
00100000001000000011010001110111
00111000000000000000100100001101
00111000000000000000100100110011
00000001001101000000000100100000
00100000001000000010000000110100
01101001001110000000000000001001
00001101001110000000000000001001
00110011000111001011111111011101
00100000001101010000100100111100
00101110001101000000000100100000
00110100000000100010000000100000
00110100010100000011100000000000
00001001000011010011100000000000
00001001001001100000000100111000
00000000000010001011100000110100
11111111001110000000000000001000
11110111001000000011100000000000
00000001001000100100000000110101
00001001001111000010110100110100
00000010001000010001110010000000
00000110001101010000001000000000
00101010000000010000001000110100
11111111001000010000001100110100
00000011001000000000001100000111
00000111001101000000100000111000
00000000000110110000101000000010
00110100111111110010000100000011
00001001000100010000001000001000
00011000000111000000001100000111
10111111111011000000100100001001
00000001000000010100000100111000
00000000000010001100001000111000
00000000000010001111111100110100
11111111000101101011111111111000
01000000000000000000000000001001
01000100100011100101001101000100
00101110010100100100010101000001
01000100001011010101001101000101
01000011010101000100111101010010
00000000011101010011010100000011
11101000001110000000000000000001
00100010001110000000000000001010
11001111001101000000000100000011
00111000000000000000101010011011
00110100010100010011100000000000
00001001000011010011100000000000
00001001001100110001110110000000
00001000001101010000001111101101
00111000000000000001011101101110
00111000000000000000100011111111
00110100111111100001011010111111
11111000000000100011010100000010
00000000000011100000001100000011
00000111000001110011100000000000
00001000111111110000100000110010
00001001000100010000001000001000
00011000000111000000001100000111
10111111111100010000100100001001
00000001000000010011010000000011
00100000000000110000011100000111
00111000000000000000100011111111
00000001000010010001000100000010
00001000000110000001110000000011
00000111101111111111001000001001
00001001000000010000000100111000
00000000000010001011100000110100
11111111001110000000000000001000
11110111001000000011100000000000
00000001001000100100000000000000
00000000000010101110000110001111
01010011010001000010111001010111
01010010010010010101010001000101
00101101010100110100010101000011
01010100010011110101001000000000
10001100001101010000011111010000
00111000000000000000000100100010
00111000000000000000101011001111
00110100000000010000001100111000
00000000000010101001101100110100
01011000001110000000000000001001
00001101001110000000000000001001
00110011000111011000000000001000
00110101000000111111001000111000
00000000000101110110111000110100
11111111001110000000000000001000
11110111001101001111111000111000
00000000000010001111011100000010
00110101000000100000000000001110
00000011000000110000011100000111
00001000001100010011100000000000
00001000111101110000100100010001
00000010000010000001100000011100
00000011000001111011111111110001
00001001000010010000000100000001
00110100000000100010000000000011
00000111000001110011010000000001
00111000000000000000100011110111
00001001000100010000001000001000
00011000000111000000001100000111
10111111111100010000100100001001
00000001000000010011100000000000
00001001001100110011010000011111
00100001001101000000010100010111
10000000000010000011010100000011
11110011001110000000000000010111
01101110001110000000000000001000
10111000001101001111111100111000
00000000000010001111011100100000
00111000000000000000000100100010
01000000000000000000000000001011
01101011100011010100011001000001
01010100001011100111001001100101
01100001011001000010110101101100
01101111011011100110011100000000
00110100000011100000001000110100
00000100000011100000001100000011
00000111000001110000100000110001
00001001000100010000001000001000
00011000000111000000001100000111
10111111111101010000100100001001
00000001000000010011010000000011
00100000000000110000011100000111
00110101000000010000000000101010
00000001000011100000100100010001
00000010000010000001100000011100
00000011000001111011111111110001
00001001000010010000000100000001
01000000000000000000000000001100
00001101100011100100011001000001
01010100001011100111011101110010
01101001011101000110010100101101
01101100011011110110111001100111
00000000001111110000111000000111
00000111000010000011010000011000
00111000000000000001101100001010
00110100111111110010000100001000
00110100000100000011100000000000
00011011000010100011010011111111
00100001000010000011010000001000
00111000000000000001101100001010
00110100111111110010000100001001
00110100111111110010000100001001
00000010001101000000010000001110
00000011000000110000011100000111
00001000001100100000100100010001
00000010000010000001100000011100
00000011000001111011111111110101
00001001000010010000000100000001
01000000000000000000000000001100
01010101100011010100011001000001
01010100001011100111001001100101
01100001011001000010110101110111
01101111011100100110010000000000
00001101000100010000111000000010
00110001001101010000000100000000
00101010000000010000001100010010
00110001010011100000000000000000
00001100101010011000111001000110
01000001010101000010111001110111
01110010011010010111010001100101
00101101011101110110111101110010
01100100000000000001011000001110
00000111000001110000100000110100
00001000001110000000000000011011
00001010001101001111111100100001
00001001001101001111111100100001
00001000001100100000100100010001
01110010000000000000000000001100
11001010100001010100110101001111
01010101010011100101010000000000
10110010001110000000000000001001
01001110001101100000000000000001
01111011001100000000001000000111
00100000001110000000000000001010
11110010000010000011010100000001
11111110001110000000000000001100
10111001001101011010101001010101
00010111100000000000100000110101
00000111110100000011100000000000
00010111011011100000100000110100
01010010001110000000000000001100
10111001001101010100000101000110
00010111100000000000100000110101
00000111110100010011100000000000
00010111011011100000100000110100
00001101000011100011000100110101
00010001000110000010111000001000
00110100001011000011100000000000
00001100000111010000001000110101
00010001100101110010111000110101
00010001011111000010111000001000
00110100001000000011100000000000
00001100000111010011010100010001
00110111001011100000100000110100
00001110001110000000000000001100
10111001000000100011010100010000
11110011001011100000100000110100
00010000000011100011000100001000
00110100001001000011100000000000
00001100000111010010101000000001
00001110001101010001000011110111
00101110000010000011010000000001
00111000000000000000101011110010
00001000001000000011100000000000
00001100000111010011011001000001
01100001010100100101001000010111
10000000000010000011010100000111
11010010001110000000000000000000
00000000000010010011010100000001
11101100001110000000000000001100
00011101000000100010000000010010
00010110100000000000010000000001
00110100000000100011010100010001
01011001001011100010000000110101
00010000111110110110111000000000
00000000000011001111010110010000
01000110010000010101010000101110
01010101011100000110010001100001
01110100011001010100011001010011
01001001011011100110011001101111
00000000001000010011011000000000
00000001011110110011000000000010
00000111001101000000000100111000
00000000000010101111001000110101
00010001010110010010110100001000
00110101000000011110110000111000
00000000000011000110011000001001
00110100000000010011100000000000
00001011011111010100000000000000
00000000000011011011001110001100
01000110010000010101010000101110
01100011011011000111010101110011
00110010011100110110010101100011
00000000000011010001001000010010
00110101000100010001100000101101
00101010000000010011010100010000
11110111001011010100111000110100
00000100001010100000000100110101
00000010000000000010110000110101
00010000111100110010110100001110
00000010001101010001000011111011
00101101000101111000000000010010
00000010001101010001000011111011
00101110001101100000000000000001
01111101001100000000001100111000
00000000000010101111001011000000
00000010000000010100000000000000
00000000000011011110101110001011
01000110010000010101010000101110
01100111011001010111010000101101
01100110011000010111010000000000
00010100001110000000000000001110
00000111001101100000000000000001
01111101001100000000001100111000
00000000000011000001110100110110
00001111111111111111111111111111
01100001000000000000000000001110
00110011100010110100011001000001
01010100001011100111000001110101
01110100001011010110011001100001
01110100000000000001110000111000
00000000000011100000011100110110
00000000000000010111110100110000
00000011001110000000000000001100
01100110001101100000000000000001
01111101001100000011010100010000
11111011001011010011100000000000
00001011011111010100000000000000
00000000000011100101100110010011
01000110010000010101010000101110
01110011011101000111001001101001
01101110011001110011001001100110
01101001011011000110010101101110
01100001011011010110010100000000
01100111000001110000011100110110
00000000000000010000010000000000
00000010000000100000001000110100
00001100000011100000001100000011
00000111000001110011010000100000
00001000001100100000100100010001
00000010000010000001100000011100
00000011000001111011111111110011
00001001000010010000000100000001
00001001000010010011001110000000
00110101001101000000110000111000
00000000000101001010111100000100
00001110000000110000001100000111
00000111000010000011000100000010
00110100001011100001011010000000
00001001000000010000000100000010
00110100000010000000111011000000
00001000001110000000000000010010
01000101000001000011001000010001
00001001000100010000001000001000
00011000000111000000001100000111
10111111111000000000100100001001
00000001000000010000000111000000
00001011000000010011010000101110
00000100001100100001000100110100
00101110000000110011001001000000
00111000000000000000111010011101
00000011000000100000011100111000
00000000000011011111101000000010
00110101000100010001100000101101
00001110000000110000001100000111
00000111001101100000000000000001
01111011001100000000100000111000
00000000000010101111001000110110
00000000000000010111101100110000
00000010001101010000001000000000
00001110000000110000001100000111
00000111000010000011000100000010
00011100100000000000110100001001
00001001000000010000000100001001
00001001000000010000000100000101
00001001000000010100000000110100
11100101000101111000000001011000
00001000001101000000101100001110
00110001001101000000111100100001
00110100000011110001011110000000
01001011000000100011010000001011
00001000001101000000101100111000
00000000000101010100110010000000
00111111000000010000100100001001
00001000000001100000011000000111
00000111000010000011011000000000
00000001011110110011000000001111
00001000001101000001010000111000
00000000000011001011100100110110
00000000000000010000000000000000
00101010000000010000100000110100
00011010001110000000000000001100
10111001000011100000100000110100
00011100001110000000000000001100
00011101000010000011010000001011
00001110001100010000100100001001
00000001000000010000100100001001
00000001000000010000100100000001
00100000000100100100000000110100
00100000000010010000111000000010
00001000000110000001110000000011
00000111101111111000011100001001
00001001000000010000000100001001
00010001000000100000100000011000
00011100000000110000011110111111
01100001000010010000100100000001
00000001000010010011100000000000
00001110010000010000001000110110
00001111111111111111111111111111
00010110101111110100000100000001
00000001011000000000000000000000
00001110100001111000110101000110
01000001010101000010111001100110
01101001011011100110010000101101
01100110011010010110110001100101
00000000100010100011010100010001
01111100001011010000011000000110
00000100000011100001001000000010
00000111000001000000010000000100
00001111100000000101110100000011
00000111000001110000100000110001
00000010001101000101110000010110
00000011001101000010111100010110
00100010100000000011110100001000
00000100000011110011100000000000
00001111000001001000000000101100
00000010001101000000111100100001
00110100000011110001011100000011
00110100000100000001011000100001
10000000000100000000000100000101
00000101001100110001110010000000
00000101001101010001000110010111
00101101000010000001000111000000
00001101000010010000100100000001
00000001000010010000000100000001
00000001000000010000000100100000
01000000110000000000100100001001
00001001000000010000000100001001
00000001001000000100000000001001
00010001000000100000100000011000
00011100000000110000011110111111
10101110000010010000100100000001
00000001110000000000001100000001
00000001000000100011000100000010
00110100010111000001011000000011
00110100001011110001011000100010
10000000000001100000100100000001
00100000110000000000010100001001
00010001000001000000111100111000
00000000000011110000010001000000
00000000000000000000111111010010
10001101010001100100000101010100
00101110011011000110111101100001
01100100001011010110011001101001
01101100011001010000000000111000
00000010000001110011100000000000
00001101111110100000001000110101
00010001000110000010110100001110
00000011000000110000011100000111
00000010000010000011100000000000
00001010111100100011010100000010
00000000000011100000100100010001
00000010000010000001100000011100
00000011000001111011111111101101
00001001000010010000000100000001
00001001001110000000000000001110
01000001000000100011011000001111
11111111111111111111111100010110
10111111110010110000000101000001
00000000000000000001000001110000
10000111011010010110111001100011
01101100011101010110010001100101
00000000001011010011010000100000
00111000000000000001011010100110
00111000000000000001010110010001
00111000000000000000111111100010
10000000000101110000000100000111
00000101000001010011011000000000
11111111000000000000000000000010
00000110001110000000000000010000
10000000000010010011100000000000
00011000100010111100000000000111
00110100000001000011100000000000
00010111011011100100000000000000
00000000000000000000000000000000
00000000000000000000000000000000
00000000000000000000000000000000
00000000000100001011110010001110
01000110010000010101010000101110
01010011011001010110001101010000
01100101011100100100001101101100
01110101011100110000000000000100
00110101000100010001100001000000
00000000000000000000000000000000
00000000000000000001000100000011
10010000010001100100000101010100
00101110010101000110111101110100
01100001011011000101001101100101
01100011011101000110111101110010
01110011000000000000010000110101
00010001001101110100000000000000
00000000000000000000000000000000
00000000000100010010000010010011
01000110010000010101010000101110
01001110011001010111100001110100
01000110011100100110010101100101
01000011011011000111010101110011
01110100011001010111001000000000
00000100001101010001000101011001
01000000000000000000000000000000
00000000000000000000000000010001
00111111100101000100011001000001
01010100001011100100001101110101
01110010011100100110010101101110
01110100010001000110100101110010
01100101011000110111010001101111
01110010011110010000000000000100
00110101000100010111110001000000
00000000000000000000000000000000
00000000000000000001000101100001
10001100010001100100000101010100
00101110010100100110111101101111
01110100010000110110110001110101
01110011000000000000010000110101
00010001100101110100000000000000
00000000000000000000000000000000
00000000000100011000010010000111
01000110010000010101010000101110
01100010011101010110011000000000
00000110001101100000000000000001
01111011001100000100000000000000
00000000000100011001111110000101
01010010010001010101001101000101
01010100000000000010000000110101
00100111001001100011010100100110
01101001001011100011010101111111
00110000001101010010011001111101
00101110001101010010011011010111
00110101001001101110001000101110
00110100000010100011010100100110
10101001001011100011100000000000
00000000101011100100000000000000
00000000000100011011001110000110
01000001010000110100001101000101
01010000010101000100000001010001
00100000000001000000010000010111
10000000010010100000011000111000
00000000000001000101100000111000
00000000001001100010001000111000
00000000000001000111111100000010
00110100000010100001011110000000
00101000000000100011010000001101
00010111100000000001111100000010
00111000000000000010011000110011
00000010001101000000100000010111
10000000000110110000001000110100
00001001000101101000000000000100
00000001001101000010000000000100
00110010000100010000001100010001
00000011000001100000011011111111
11000101000000011111111111111010
00000011001100100001000101000101
00000001000001000001110110111111
11110001000100100000001100010010
00000011111111111110101100000101
01000101000000000000000000010001
11011111100001010101010101010000
01010000010001010101001000000000
00001011000000100011010001100001
00011000000111001000000000000100
00110100001000000000111101000000
00000000000000000001001000111101
10000101010001000100100101000111
01001001010101000000000000111001
00111000000000000001001001000101
00000010000000100011010001000001
00010010000110011000000000001010
00110100010000010000111100110100
00111001000011100001000111000000
00001001000000100011010000111001
00011001100000000000001100000001
00100000001101000011000000001111
00000010001101010010011010101001
00101101000110001000000000001111
00000010000100010001111110000000
00000110000001010010000000011100
11000000000000110000000100100000
11000000000000110000000100100000
01000000000000000000000000010010
01010100100000100100010000101011
00000000000101110011010111111000
00101100000000100010110100000111
00100000000000110011001000000011
00000111000001100000011100001110
00001001000010010001010000000011
00001001001101011111100000101100
01101110000000000000000000010010
10011001100000100100010000101101
00000000000101010011010111111000
00101100000000100010110100000111
00100000000000110011001000000111
00000011000001110000111100001001
00001001000101010000100100110101
11111000001011000110111000000000
00000000000100101011100110000111
00111110010011100101010101001101
01000010010001010101001000000000
00110100000001110000100000011111
10000000000100010000001000110001
00111000000000000001001001011100
10000000000001010010000000011100
11000000000000110000000100100000
11000000000000100010000010000000
00011011000000110000011100000011
00110101001001101010100100101101
00101010000000010000011000110101
00100110101010010010110100101010
00111000000000000001001010011110
00001001000100010000100100010010
00000111111111111101000000001001
01000000000000000000000000010010
11010111100001110100111001010101
01001101010000100100010101010010
00111111010000000010011000000100
00110001001101000010110100010110
00000010000001111000000000000101
00010010000000110001000100000011
00000111000001110010000000100000
00001001000010010011100000000000
00010010111000011000000000000111
00000001000000010000000100001001
00000001011000000000000100000001
00001001100000000000001000010000
01110100000000010000000000000000
00010011000110011000010001001000
01001111010011000100010000000000
00001010001101010010011011110010
00000010001011010001001000000010
00000110001011100111001000000000
00000000000100110100111010000010
00111100001000110000000000001001
00110110000000000000000100000100
00000000001101010010011011110010
01101110000000000000000000010011
01100011100000110101010100100011
00111110000000000000110000000001
00110101001001101111001000101101
00110110000000000000000100000100
00000000000001000100111100000000
00000000000100110111010110000100
01010011010010010100011101001110
00000000000010100001111010000000
00000111001101000010110100111000
00000000000100110101010101000000
00000000000000000001001110001011
10000010010101010010001100000000
00010111001101010010011010101001
00101101001011000000001100000010
00110100000010010001100110000000
00000100001101000000011100001110
00110100001100000000111000111000
00000000000100110101010101000000
00000000000000000001001110100000
10000011010101010010001101010011
00000000000010010011100000000000
00010011101001010000001000011100
10111111111110010100000000000000
00000000000100111100000010000011
01000001010000100101001100000000
00000110000000100001111010000000
00000010000100000100000000000000
00000000000100111101001110000001
00101110000000000010000100000010
00111000000000000001001111011001
00111000000000000001001101101000
00111000000000000001001111000110
00000011001110000000000000010011
10010010001110000000000000010011
01111011001110000000000000100110
01000100001101000010000000111000
00000000001001100011001101000000
00000000000000000001001111100011
10000010001011100101001000000000
00111010000100100000011100000010
00111000000000000001001111011001
00111000000000000001001101101000
00001001001000000000001100000111
00000111001110000000000000010011
10100101000010010001000100000010
00001000000110000001110000000011
00000111101111111111001100001001
00001001000000010000000100111000
00000000000100111100011000000011
00111000000000000001001110010010
00111000000000000001001101111011
00111000000000000010011001000100
00110100001000000011100000000000
00100110001100110100000000000000
00000000000101000000110010000010
01010101001011100000000000010111
00111000000000000001001101101000
00111000000000000001001111000110
00111000000000000001001101111011
00111000000000000010011001000100
00110100001000000011100000000000
00100110001100110100000000000000
00000000000101000100111110000011
01010101001011100101001000000000
00110000000100100000011100111000
00000000000100110110100000001001
00100000000000110000011100000111
00111000000000000001001110100101
00001001000100010000001000001000
00011000000111000000001100000111
10111111111100110000100100001001
00000001000000010011100000000000
00010011110001100011100000000000
00010011011110110011100000000000
00100110010001000011010000100000
00111000000000000010011000110011
01000000000000000000000000010100
01101111100000110100110101001001
01001110000000000000101000000100
00000100000110001000000000000100
00000001110000000000001000000101
01000000000000000000000000010100
10101001100000110100110101000001
01011000000000000000101000000100
00000100000110011000000000000100
00000001110000000000001000000101
01000000000000000000000000010100
10111101100001100101011101001001
01010100010010000100100101001110
00000000000010010000011000000010
00000111000110010000100100000110
00011000000111000110000100000000
00000000000101001101000110000100
01000011010011110100110101010000
00000000000010000000010000000100
00011000000001100000011000011001
00010000010011100000000000000000
00010100111001111000011101000011
01001111010011010101000001000001
01010010010001010100000000111111
00000110000001000000010000111000
00000000000101001110111000000111
00110101000101001010111100110011
10000000001011100010000000000011
00000111000001110000010000110001
00000100001100010001011110000000
00010001000001000011000100000100
00110001001110000000000000010100
11101110000001010000010100001001
00000001000010010000000100001001
01000001000100010000001100010001
00000011000010010001000100000010
00001000000110000001110000000011
00000111101111111101110000001001
00001001000000010000000100000001
00000001000010010100000000000000
00000000000101001111101010000010
00100100001111010100000000111001
00000110000001000001011110000000
00000101000000010000000100000001
01100000001000000000001100000111
00000111000001000011000100111000
00000000000100100100010100000100
00110001001110000000000000010010
01000101000101111000000000001000
00000001000000010000100100000001
00001001000000010110000000010001
00000011000100010000001100001001
00010001000000100000100000011000
00011100000000110000011110111111
11011101000010010000100100000001
00000001000000010000000100100000
01011100000000000000000000010101
01000111100001010100001101001111
01010101010011100101010000000000
00000100000000100001000100000011
01110001000000000000000000010101
10001001100001000100011001001001
01001110010001000100000001001010
00000010001110000000000000010101
10010001001101010010011011100010
00101101000000100000011100110001
00110100001000000010000100011100
10000000001011010000010000000100
00001000000000100001000100000011
00110001001101000001111100100001
00111000000000000001010101001100
10000000000111010000000100000001
00000001000010010000001000110001
00000010001101000100000000100001
10000000000001010011010000000001
11000000000000110010000000011100
00000111001101000001111100100001
00001110001101000000001100001110
00001001010000000000100100110100
00000100000011110010110100110011
00011100101111111100001100000001
00000001011000000000000000000000
00010101100110011000010101010111
01001111010100100100010001010011
00000000001011000011100000000000
00011011000111010011010100001000
00100110000000100010110100000011
00110100000010100000010000101110
00110101001001101110001000101101
00110011100000000001011100000010
00010001000001000011000100110100
00011111001000010011100000000000
00100110010001000011010000001001
00111000000000000010011000110011
00110100000001000000111111111111
11100111011011100000000000000000
00010101111011101000010101010000
01000001010100100101001101000101
00000000011011010000011100110101
00100110011010010010110100110100
00000101000011100011011000000000
00000000001001110000001000101101
00110110000000000000000000100110
11100110001011010000010000001110
00000111001101100000000000000000
00100110110011110010110100001110
00000010000010000001100010000000
00110000000000100011000100001001
00001000000000110000011100000010
00110100001000000001011010000000
00010100000001000001011100000100
00110100000011010001011100100001
00000100001101000000101000010111
00100001000001000011010000001001
00010111001000011100000000000011
00000100000101111000000000001011
00000110000000100000011000000011
00110010000100010000001100010001
11111111110011110000000100010001
00110110000000000000000000100111
00000010001011010000111100110110
00000000000000000010011011001111
00101110000010010000000100001001
00000001001101010010011001101001
00101101001101000000010100001110
00000011000001000100111100000000
00000000000101100010011010000100
01010111010011110101001001000100
00000000001001010000001000111000
00000000000101100010111000000010
00011100100000000001010000110110
00000000000000000010011011100110
00101101001101100000000000000000
00100110110011110010110100011001
10000000000001010000000100000001
11111111111001010000000000000011
00010010000000110000010000110010
01000101000000000000000000010110
10011111100010010100100101001110
01010100010001010101001001010000
01010010010001010101010000000000
00100011001110000000000000010111
00000000001101010010011010111101
00101101000111001000000000010010
00110101000101101111110000110100
00000100001110000000000000100110
01000100001110000000000000011001
01011001001110000000000000010100
01010100001101000000101000111000
00000000001001100011001101000000
00100000010011110100101100101101
00110101001001101110011000101101
00110101001001101100111100101101
00011001100000000101011100110100
00100000001110000000000000010110
10100110000000100011000110000000
01001010001110000000000000010101
10100000001100111000000000010000
00011110100000000000101000110101
00100110101111010010110110000000
00000100001101010001111111000111
00111001110000000011001000000010
00111000000000000001010110010001
00111000000000000001001100100011
00011100100000000001101100110101
00000111101000110011000100110101
00000111111011000011001000111000
00000000000110110001110100111000
00000000000101011001000100111000
00000000001001100100010000110100
00000001001110000000000000010111
01101110000001010011010100100110
10111101001011011000000000000101
00111000000000000010000001100101
11000000000000100000000111111111
10100000010000000000000000000000
00010110110011011000010101000101
01010010010100100100111101010010
00000000001001010000100000110101
11111000001100000011000000110101
00000111101000110011000100110101
00000111111011000011001000110101
00010111100100110011010000000111
00111000000000000010011001000100
00111000000000000001001111100111
00110100000010100011100000000000
00100110001100110011100000000000
00010111101101100100000000001010
01000101010100100101001001001111
01010010001000000000000000000000
00010111011001101000010101000001
01000010010011110101001001010100
00000000000001010011100000000000
00010111101101100100000000000000
00000000000101111001111010000100
01010001010101010100100101010100
00000000010011000010000000111000
00000000000000010010001000100000
00001101001000000000110000100000
00110101001001101011110100101110
00110110000000000000000100000010
00000000001101010010011100000010
00101110001101100000000000000000
00000000111111110011010100100111
00001010001011100011010100000111
10100001001100010011010100000111
11101100001100100011010100100111
00000010001011010011010100100111
00001010001011010011100000000000
00010001111010000011010100100110
11100110001011100010000000110101
00100110110011110010111000110101
00000111101000100011000100110101
00000111111011000011001000111000
00000000000101101101100111111111
11010110010000000000000000000000
00010111101011111000011001010011
01001111010101010101001001000011
01000101000000000000100000110101
00100111000000100010110100110101
00100111000010100110110100000000
00000000000110000000011010001010
01010011010000010101011001000101
00101101010010010100111001010000
01010101010101000000000000000001
00110101001001110000001000101101
00110101001001110000011000101110
00110101001001110000101000101101
00110101001001110000111000101110
00110101001001101110011000101101
00110101001001101110101000101110
00110101001001101100111100101101
00110101001001101110111001101110
00000000000000000001100000011011
10001101010100100100010101010011
01010100010011110101001001000101
00101101010010010100111001010000
01010101010101000000000000100000
00110101001001110000011000101101
00110101001001110000001000101110
00110101001001110000111000101101
00110101001001110000101000101110
00110101001001101110101000101101
00110101001001101110011000101110
00110101001001101110111000101101
00110101001001101100111101101110
00000000000000000001100001001100
10001000010001010101011001000001
01001100010101010100000101010100
01000101000000000001111000000111
00000111001110000000000000011000
00101000000010010000100100110101
00100110111001100010111000110101
00100111000000100010111000100000
00110101001001101100111100101110
00111000000000000001011100000000
00111000000000000001100001011100
01000000000000000000000000011000
10000000100000110100111001001111
01010000000000000000000101000000
00000000000000000001100010101101
10000100010001000101001001001111
01010000000000000000000101000001
00000000000000000001100010111000
10000011010001000101010101010000
00000000000000010100001000000000
00000000000110001100010010000100
00111111010001000101010101010000
00000000000000010111001100000000
00000000000110001100111110000100
01010011010101110100000101010000
00000000000000010100001100000000
00000000000110001101101110000100
01001111010101100100010101010010
00000000000000010100010000000000
00000000000110001110011110000011
01001110010010010101000000000000
00000001010001010000000000000000
00011000111100111000001101010010
01001111010101000000000000000001
01000110000000000000000000011000
11111110100001000010110101010010
01001111010101000000000000000010
00000110010001100000000000000000
00011001000010011000001000111110
01010010000000000000001000000111
01000000000000000000000000011001
00010110100000100101001001000000
00000000000000100000100001000000
00000000000000000001100100100001
10000001010010011000000000000010
00001000010000000000000000000000
00011001001011001000000101001010
10000000000010000000100100001001
00001000000001100000011000000111
00000111010000000000000000000000
00011001001101101000001001010010
00111110000000000000001000001001
01000000000000000000000000011001
01000110100001010100010001000101
01010000010101000100100000000000
00000001010010100000000000000000
00011001010100011000011001010010
01000100010001010101000001010100
01001000000000000000001000001011
01000000000000000000000000011001
01011110100000010010101100000000
00000001010011100000000000000000
00011001011011011000000100101101
00000000000000010100111100000000
00000000000110010111011010000110
01001110010001010100011101000001
01010100010001010000000000000001
01010000000000000000000000011001
01111111100000100011000100101011
00000000000000010101000100000000
00000000000110011000110110000010
00110001001011010000000000000001
01010010000000000000000000011001
10010111100000100011001000101010
00000000000000010110010100000000
00000000000110011010000110000010
00110010001011110000000000000001
01010011000000000000000000011001
10101011100000110101010100110010
00101111000000000000000101100110
00000000000000000001100110110101
10000010010011010010101000000000
00000001011010010000000000000000
00011001110000001000001101010101
01001101001010100000000000000001
01101010000000000000000000011001
11001010100000010010101000000000
00000010001010010100000100000000
00000000000110011101010110000001
00101111000000000000001000101011
01000101000000000000000000011001
11011111100000110100110101001111
01000100000000000000001000101011
01000001000000000000000000011001
11101001100000100010101000101111
00000000000001100000011100101001
00000001000010010010101101000101
00000000000000000001100111110101
10000101001010100010111101001101
01001111010001000000000000000101
00000111001010010000000100001001
01101011000000000000000000011010
00000100100001000010111101001101
01001111010001000000000000000001
01101011000000000000000000011010
00010101100000010011110100000000
00000001010101100000000000000000
00011010001000011000001000111100
00111110000000000000000101010111
00000000000000000001101000101010
10000001001111000000000000000001
01011000000000000000000000011010
00110100100000010011111000000000
00000001010110010000000000000000
00011010001111011000001001010101
00111100000000000000000101011010
00000000000000000001101001000110
10000010010101010011111000000000
00000001010110110000000000000000
00011010010100001000001000110000
00111101000000000000000101011100
00000000000000000001101001011010
10000011010011100100111101010100
00000000000000010101110000000000
00000000000110100110010010000011
00110000001111000011111000000000
00000001010111010000000000000000
00011010011011111000001000110000
00111100000000000000000101011110
00000000000000000001101001111010
10000010001100000011111000000000
00000001010111110000000000000000
00011010100001001000010101000110
01000001010011000101001101000101
00000000000000010110000000000000
00000000000110101000111010000001
00110000000000000000000101100000
00000000000000000001101010011011
10000010001011010011000100000000
00000010001000000101110000000000
00000000000110101010010010000100
01010100010100100101010101000101
00000000000000100010000001011100
00000000000000000001101010101111
10000011010000010100111001000100
00000000000000010110000100000000
00000000000110101011110010000010
01001111010100100000000000000001
01100010000000000000000000011010
11000111100001100100100101001110
01010110010001010101001001010100
00000000000000010110001100000000
00000000000110101101000110000011
01011000010011110101001000000000
00000001011001000000000000000000
00011010110111111000011001001100
01010011010010000100100101000110
01010100000000000000101000110011
10000000000001110001001000000011
00100101000000111111111111111000
01000000000000000000000000011010
11101010100001100101001001010011
01001000010010010100011001010100
00000000000010100011001110000000
00000111000100100000001100100110
00000011111111111111100001000000
00000000000000000001101100000001
10000010010000110101001000000000
00000111001101000000101000111000
00000000001001100011001101000000
00000000000000000001101100011000
10000101010100110101000001000001
01000011010001010000000000000111
00110100001000000011100000000000
00100110001100110100000000000000
00000000000110110010100010000110
01010011010100000100000101000011
01000101010100110000000000011001
00100000000000110000011100000111
00110100001000000011100000000000
00100110001100110000100100010001
00000010000010000001100000011100
00000011000001111011111111110001
00001001000010010000000100000001
01000000000000000000000000011011
00111011100001010101100001000010
01011001010101000100010100000000
00000001011001110000000000000000
00011011011000011000010101011000
01010111010011110101001001000100
00000000000000010110100000000000
00000000000110110110111010000001
01000000000000000000000101101101
00000000000000000001101101111011
10000010001100100100000000000000
00000111000000100011010000000100
00001110001011010000001101101101
00000000000000000001101110000100
10000001001000010000000000000001
01101110000000000000000000011011
10010100100000100011001000100001
00000000000010000000001000000110
00000110001011100011010000000100
00001110011011100000000000000000
00011011100111011000001000101011
00100001000000000000011000000011
00000100001011010000111000000011
01101110000000000000000000011011
10101110100000100101011101000000
00000000000000010110111100000000
00000000000110111011110110000010
01010111001000010000000000000001
01110000000000000000000000011011
11000111100000110101011100101011
00100001000000000000011000000011
00000100001011110000111000000011
01110000000000000000000000011011
11010001100000100100001101000000
00000000000000010111000100000000
00000000000110111110000110000010
01000011001000010000000000000001
01110010000000000000000000011011
11101011100000110100001100101011
00100001000000000000011000000011
00000100001100010000111000000011
01110010000000000000000000011011
11110101100001110100010001000101
01000011010010010100110101000001
01001100000000000000011000110100
00001010001101010010011010101001
01101110000000000000000000011100
00000101100000110100100001000101
01011000000000000000011000110100
00010000001101010010011010101001
01101110000000000000000000011100
00011001100001100100001001001001
01001110010000010101001001011001
00000000000001100011010000000010
00110101001001101010100101101110
00000000000000000001110000101001
10000100010000110100100001000001
01010010000000000000100000110100
00100000001110000000000000010110
10100110000100010111000100000000
00000000000111000011110010000010
01000010010011000000000000000010
00110100001000000100000000000000
00000000000111000100111110000101
00110010010001000101001001001111
01010000000000000000001000000001
01000001000000000000000000011100
01011011100001000011001001000100
01010101010100000000000000000010
00000100010001000000000000000000
00011100011010011000010100110010
01001111010101100100010101010010
00000000000011010011010000000011
00111000000000000001110010101000
00110100000000110011100000000000
00011100101010000100000000000000
00000000000111000111011010000101
00110010010100110101011101000001
01010000000000000000011000000111
00000110000001100000100100000110
01000110000000000000000000011100
10001111100001000101000001001001
01000011010010110000000000001100
00001010000000110000111100110100
00000100001010100000000100110101
11100000000001000000111001101101
00000000000000000001110010100001
10000100010001000101010101001101
01010000000000000101010100000100
00001110000001110011010000001010
00111000000000000010011000110011
00000010001101000000011000111000
00000000000101000111010100110100
00100000001110000000000000100110
00110011000000100011010000001000
00111000000000000000011010100000
00110100001000000011100000000000
00100110001100110011010000001000
00100000000000110000011100000111
00110100001000000011100000000000
00100110001100110000001000110001
00110100000000100011100000000000
00010100011101010001000100001001
00010001000000100000100000011000
00011100000000110000011110111111
11101000000010010000100100000001
00000001000000100000100000011000
00011100101111111011100000110100
00001010001110000000000000100110
00110011000010010000000101000001
00000000000000000001110010111000
10000010001011100101001100000000
00101000000010100011010000000100
00101010000000010011010111100000
00001000000011100000001000110101
11100000000010000001100110000000
00010010001101000000101000111000
00000000001001100011001100000010
00101101001110000000000000010011
11100111001101000000010000001111
11111111111010010011010000001010
00111000000000000010011000110011
01000001000000000000000000011101
00011000100001100101010101001110
01010101010100110100010101000100
00000000000010000011010101101100
00000000001101010010011001101001
00101101010011110011100000000000
00011101010100100011010000100000
00011000100000000000111000110101
00011101011100010011010000001000
00111000000000000010011001000100
00111000000000000001011110100110
01000000010011000100111101010111
00100000010011010100010101001101
00001010000000000000000000011101
01001001100001100100001101010010
01000101010000010101010001000101
00000000001011110011100000000000
00011101010110100011010000100000
00111000000000000001011010100110
00000001001110000000000000011101
11011010000000100001001000010010
00110100000001100000001100110000
00110100001101100000010000110010
00010001000000100011010000001001
00001110000001000010111000110100
00000100000011100011010001000000
00000100001100100011010000000101
00001110001101010010011001101001
01101110000000000000000000011101
01111101100001010100010001001111
01000101010100110011111000000000
00011001001101010010011011111110
00101101001101000000101000000100
00110000001101000000011100001110
00001001000001000010111000110100
00111000000001000011001000110100
00000100000011100011010001000000
00000011011100100011010100100110
01101001001011010000001000000111
00110101001001101110001000101101
00000011001011100000100100110100
00000100000011100000001000110101
00100110111000100010111000000010
00110001000000100000011100110100
10000000001000100000010000110010
00001001000011100001000100000010
00110101001001101111111000101110
00110100000000100000111000000010
00110101001001100110100101101110
00000000000000000001110110111001
10000100010011010100111101010110
01000101000000000100101100110011
10000000010001110000011100000100
00000100000110011000000000011110
00001001001000000000001100000111
00000111000001000011000100000100
00110010000100010000001100010001
00000011000010010001000100000010
00001000000110000001110000000011
00000111101111111110111100001001
00001001000000010000000111000000
00100100000010000000111000010010
00000011000010000000111000010010
00000011000010010010000000000011
00000111000001110000010000110001
00000100001100100001001000000011
00010010000000110000100100010001
00000010000010000001100000011100
00000011000001111011111111101111
00001001000010010000000100000001
00000001010000010000000000000000
00011110000011001000010001000110
01001001010011000100110000000000
00011101000001100000011000110011
10000000000101110010000000000011
00000111000001110000010000000100
00110010000100010000100100010001
00000010000010000001100000011100
00000011000001111011111111110011
00001001000010010000000100000001
00000001010000010000000000000000
00011110011000101000011001000110
01001001010011000100110000101110
01010111000000000001111000000110
00000110001100111000000000011000
00100000000000110000011100000111
00000100000001000011000000010001
00010001000010010001000100000010
00001000000110000001110000000011
00000111101111111111001000001001
00001001000000010000000100000001
01000001000000000000000000011110
10001010100000010010110000000000
00001110001101010010011001101001
00000010000001110010110100000011
00000100001011100011010000000100
00001110000010010110111000000000
00000000000111101011010110000010
01010111001011000000000000001101
00110101001001100110100100000010
00000111001011010000001100000100
00110000000100010001000100001001
01101110000000000000000000011110
11001011100000100100001100101100
00000000000011000011010100100110
01101001000000100000011100101101
00000011000001000011001000010001
00001001011011100000000000000000
00011110111000011000001001001101
00101100000000000001010000110101
00100110011010010000001000000111
00101101000000100000011100000011
00000010000001110011100000000000
00011110000100110000100100001001
00001110000010010110111000000000
00000000000111101111011010000010
00100100001011000000000000001010
00000010001110000000000000011110
11100110001110000000000000011110
11111011010000000000000000000000
00011111000100111000010101000001
01001100010011000100111101010100
00000000000010000011010100100110
01101001001110000000000000011011
10110011010000000000000000000000
00011111001001101000100001010110
01000001010100100100100101000001
01000010010011000100010100000000
00011011001110000000000000011111
01101000001101010010011001101001
00101101001101000000011000001110
00000010001110000000000000100000
01100101001110000000000000011111
10010100001101000000010000001110
00110101001001100110100101101110
00000000000000000001111100111010
10000001001110100000000000100100
00111000000000000001110101011010
00110100001000000011100000000000
00010110101001100000000100111000
00000000000111011101101000110101
00100110111110100010111000110101
00100110111000100010110100000010
00110001001101000010000000100010
00000011001100100010000000011100
00110101001001101011110101101110
00000000000000000001111101100100
11000001001110110000000000100100
00110100010000000011100000000000
00011110111001100011010100100110
01101001001011010011010100100110
11111010001011010000111100110101
00100110111111100010110100110000
00110101001001101110001000101101
00000010001100010011010011011111
00100001000000110011001000100000
00110101001001101011110101101110
00000000000000000001111110010000
10001000010000110100111101001101
01010000010010010100110001000101
00101100000000000100101000000010
00010010000100100010111100110101
10000000000000000000010000100001
10000000000000110000000100100000
00110101001001100110100100000010
00000111001011010000011100110101
00100110100101100010110100011011
10000000000011110000100000101110
00110100001110000000100000110010
00001001001101000000010000001110
00001001001011101100000000100001
00001000000001000001001000010010
00101111001101010011111111111111
00100001000000100000011100111000
00000000000111100001001100001001
00001001000011100001001000000010
00110001001101000011111100100001
00110011100000000000010000000100
00110010000100010000100100101110
01000000000000100011010011111111
00100001000000110011010000001000
00111000000000000001101100001010
00000010001101001111111100100001
00000011001101000000100000111000
00000000000110110000101000110100
11111111001000010011100000000000
00011110111001100011100000000000
00011110111001100011100000000000
00011110111001100100000000000000
00000000000111111011110010000001
00100111010000000001100000110100
00100000001110000000000000010110
10100110000000100011000110000000
00001000001110000000000000010101
10100000100000000000001001000000
00110100000000100011100000000000
00010111011011100100000000000000
00000000001000000011101111000111
01001100010010010101010001000101
01010010010000010100110000000000
00110110001101010010011001101001
00000010000001110010110100000011
00000010001101001111111100011011
10000000000111100000001000110101
11111111111111110001101110000000
00001100000001000011010000110110
00000100001100100001000100101110
00110100000001011100000000001010
00000100001101000011010100000100
00110010000100010011000000110100
00000011110000000000101000000100
00110100001101000000010000110010
00010001001100100011010000000010
00001110000010010110111000000000
00000000001000000101101110001000
01000011010011110100111001010011
01010100010000010100111001010100
00000000000011010011100000000000
00011111011010000011100000000000
00100000011001010011100000000000
00011111100101000100000000000000
00000000001000001001111110001001
01001001010011010100110101000101
01000100010010010100000101010100
01000101000000000000101100110101
00100110111000100010110100000010
00110001001101000100000000100010
00000011011100100000000000000000
00100000101110111000001101011011
00100111010111010000000000001001
00111000000000000010000000111111
00111000000000000010000001100101
01000000000000000000000000100000
11010110110010000101000001001111
01010011010101000101000001001111
01001110010001010000000000001001
00111000000000000010000000111111
00111000000000000001111111000111
01000000000000000000000000100000
11101001110001100101101101000011
01001000010000010101001001011101
00000000000001010011100000000000
00011100010000110100000000000011
00000100001011110010001000000011
01110000001101010010011001101001
00101101000000110000111100010010
00110101001111111111111101100001
00110101001001100110100100101101
00001111000100100011010100111111
11111111011000010000000000000000
00100001000000011100001001001001
01000110000000000000110000110101
00100110011010010010110100110101
10000000000000000011100000000000
00011110110100000100000000000000
00000000001000010010111011000100
01010100010010000100010101001110
00000000000010110000001000111000
00000000001000010001010100000011
00111000000000000010000100001111
01000000000000000000000000100001
01000011110001000100010101001100
01010011010001010000000000010111
00110101001001100110100100101101
00110101110000000000000000111000
00000000000111101101000000000011
00000010001110000000000000100001
00010101000000110011100000000000
00100001000011110100000000000000
00000000001000010101100111000101
01000010010001010100011101001001
01001110000000000000010000110101
00100110011010010110110100000000
00000000001000010111101111000101
01000001010001110100000101001001
01001110000000000000110100111000
00000000001000010010000000110101
11000000000000000010001000111000
00000000000111101101000001000000
00000000000000000010000110001011
11000101010101010100111001010100
01001001010011000000000000001101
00111000000000000010000100100000
00110101100000000000000000100010
00111000000000000001111011010000
01000000000000000000000000100001
10100100110001010101011101001000
01001001010011000100010100000000
00000101001110000000000000100001
00110011010000000000000000000000
00100001101111011100011001010010
01000101010100000100010101000001
01010100000000000000101000000011
00111000000000000010000110010011
00111000000000000010000101001010
01000000000000000000000000100001
11001110110000100100010001001111
00000000000001010011010100100010
00100011110000000001000000000000
00000000001000011110010111000011
00111111010001000100111100000000
00000101001101010010001000101111
11000000000000010011100000000000
00011111110001110011010100100010
00101001001110000000000000011111
11000111001000000011100000000000
00100010110000110011010100100110
01101001001011010011100000000000
00100010110000110011010110000000
00000000001110000000000000011110
11010000001101010010011001101001
01101101000000000000010000100000
00011100000001100100011000000000
00000100000000110000011100000111
01000000000000000000010100000100
00000100000101110000011001000110
00000000000000000010000111110011
11000100010011000100111101001111
01010000000000000000010000110101
00100010011111111100000000010010
00000000000000000010001000111000
11000101001010110100110001001111
01001111010100000000000000000100
00110101001000101000101011000000
00000001001110000000000000011111
11000111001110000000000000100001
10101100001101010010011100010010
00000111000010000010110100000010
00101101000000110011010000000100
00001111000000110011001110000000
00000111001110000000000000100001
01001010111111111111000100001001
00101110001101010010001010100011
00111000000000000001111111000111
01000000000000000000100100001001
00010001000000100000100000011000
00011100000000110000011101000000
10000000000011000000001000011110
00000011000010010000111000000010
00001000000110000001110000000011
00000111011001000000000000000000
00100010010010001000011001010101
01001110010011000100111101001111
01010000100000000000010000001001
00001001000000010100000100000000
00000000001000101001101011000101
01001100010001010100000101010110
01000101000000000001000000110101
00100110011010010010110100111000
00000000001000101100001100110101
11000000000000000011100000000000
00011110110100000100000000110101
00100111000100100000011100001000
00101101001101000000010000001110
00000011000001000010111000001001
01101110000000000000000000100010
10101011110001000100001101000001
01010011010001010000000000000001
00100000010000000000000000000000
00100010110101011100001001001111
01000110000000000001010000000111
00110101000001000001011000111000
00000000000111101101000000111000
00000000001000010011001100110100
00000001001110000000000000011110
11100110000010010101000100000000
00000000001000101110001011000101
01000101010011100100010001001111
01000110000000000000011100000111
00111000000000000010000101100000
00001001010000000000000000000000
00100010111111111100011101000101
01001110010001000100001101000001
01010011010001010000000000011101
00110100000000010011100000000000
00011110111001100010000000000011
00000111000001110011100000000000
00100001010010100000100100010001
00000010000010000001100000011100
00000011000001111011111111110011
00001001000010010000000100000001
01000000000000000000000000100011
00010010110000010101101100000000
00000101001000000011010100100110
10111101011011100000000000000000
00100011001111011100000101011101
00000000000001100010000000011100
00110101001001101011110101101110
00000000000000000010001101001010
11000111010100100100010101000011
01010101010100100101001101000101
00000000000101110011010100100110
11111010001011010011010100100110
01101001000000100000011100101101
00000010000001110010111000110100
00111000000010000011001000001001
00110100000001000000111000001001
01101110000000000000000000100011
01011000100001000100010101011000
01001001010101000000000000000010
00001001001101110000000000000000
00100011011111011000001101010010
01010100010010010000000000000010
01111100010000000000000000000000
00100011100010101000011101000101
01011000010001010100001101010101
01010100010001010000000000000010
00111001010000000000000000000000
00100011100101101000010101000011
01000101010011000100110000101011
00000000000000110011010000000100
01001110000000000000000000100011
10100110100001010100001101000101
01001100010011000101001100000000
00000100001101000000010000101001
01000001000000000000000000100011
10110101110010000101001101001100
01001001010101000100010101010010
01000001010011000000000000100010
00000010001101000000000100001110
00110101110000000000000000100010
00111000000000000001111011010000
00000010000001110011010100100110
01101001001011010000011100111000
00000000000111101111101100001001
00111000000000000010000001100101
00001001001110000000000000100000
01100101010000000000000000000000
00100011110001011100100001000011
01001100010010010101010001000101
01010010010000010100110000000000
00011011000000100011010000000010
00001110001101011100000000000000
00100010001110000000000000011110
11010000001101010010011001101001
00101101000001110011100000000000
00011111000110000000100100111000
00000000001000000110010101000000
00000000000000000010001111110110
10000010001011000010001000000000
00001001001110000000000000100100
10100101001110000000000000011111
00011000010000000011010100100110
11110110000000100000011100101101
00110110000000000000000100000101
00000000000011110000010000001110
00110101000000010000000000011001
10000000000010000011011000000000
00000001000001010000000000001000
00101110000010000010110100000010
00000110000011100000100101101110
00000000000000000010010000100000
11000010010100110010001000000000
00100001001110000000000000100100
10100101001101010010011010111101
00101101100000000000011100111000
00000000001000111101000011000000
00010001000000100000011100000010
00111000000000000010010000101110
00000010000001110000001100111000
00000000000111100001001100001001
00001001010000000000000000000000
00100100010101001100001001000011
00100010000000000010001000111000
00000000001001001010010100110101
00100110101111010010110110000000
00000111001110000000000000100100
00000001110000000001001000000010
00111000000000000010010000101110
00000010000001110000010000000100
00110010000100010000001100111000
00000000000111100001001100001001
01000000001101000010001000111000
00000000000101101010011000111000
00000000000101011001000101000000
00000000000000000010010001111110
11000010001011100010001000000000
00001100001110000000000000100100
01011001001101010010011001000100
00111000000000000001111111000111
01000000000000000000000000100100
10110100110000010010100000000000
00001000001101000010100100111000
00000000000101100010111000000001
01000001000000000000000000100100
11001001110000010101110000000000
00000111001101000000101000111000
00000000000101101010011001000001
00000000000000000010010011011001
10000010001011100010100000000000
00001111001101000010100100111000
00000000000101101010011000111000
00000000000101011001000100111000
00000000001001100100010001000000
00000000000000000010010011101000
10000101010000010100110001001001
01000111010011100000000000000001
01000000000000000000000000100101
00000000100001110100000101001100
01001001010001110100111001000101
01000100000000000000001000010001
00100110011001010000000000000000
00100101000011011000011001001101
01000001010100100100101101000101
01010010000000000010011000110101
00100110011010010010110100110101
00100110011111010010110100111000
00000000000111110110100000111000
00000000001000000110010100111000
00000000001000000110010100110101
00100101010011010011100000000000
00100000011001010011010000110111
00111000000000000001111011100110
00111000000000000001111110010100
01000000000000100010110100110101
00100110111000100010111000110101
00100110011010010010111000110101
00100110011111010110111000000000
00000000001001010001111010000111
01000010010101010100011001000110
01000101010100100011101000000000
00011001000100010010011000100101
00111000000000000001111101101000
00110101001001100111110100101101
00000010001110000000000000100000
01100101001110000000000000011111
10010100000011100011010100100110
01111101011011100000000000000000
00100101010111111000100001010011
01000010010101010100011001000110
01000101010100100011101000000000
00011100001110000000000000011111
01101000001000000001001000111000
00000000001000000110010100111000
00000000000111111001010000110101
00100110011010010010110100000010
00110100000001010000111100101110
00111000000000000001111100101110
01000000000000000000000000100101
10000110100001010100010001000101
01000110010001010101001000000000
00100110001110000000000000011111
01101000001101010010010111011111
00110101001001100110100100101101
00110100001101100011100000000000
00011110111001100011010000000100
00111000000000000001111100101110
00111000000000000010010111110111
00110100001110010011100000000000
00011110111001100011100000000000
00011111100101000100000000110100
00000011001101010001011101101110
00110111000000000000000000100101
10110001100000100100100101010011
00000000000010010011100000000000
00100000001111110011100000000000
00100101111101110100000000010001
01101110000000000000000000100101
11101001100000010011111100000000
00000110001011010011100000000000
00010100010101000100000000000000
00000000001001011111110110000100
01001011010001010101100100111111
00000000000001100011010100100111
00100010001011010011100101000000
00000000000000000010011000001011
10000011010010110100010101011001
00000000000001100011010100100111
00011110001011010011100101000000
00000000000000000010011000011100
10000100010001010100110101001001
01010100000000000000011000110101
00100111000110100010110100111001
01000000000000000000000000100110
00101100100001000101010001011001
01010000010001010000000000000110
00110101001001110001011000101101
00111001010000000000000000000000
00100110001111011000001101010000
01000001010001000000000000000110
00110110000000000000000100000100
00000000010000000000000000000000
00100110010011101000010001001000
01000101010100100100010100000000
00000100001101010010011001101001
01101101000000000000000000100111
00100110000000000000000000100110
01011110100001010100100001000101
01010010010001010011000100000000
00000100001101010010011001111101
01101101000000000000000101111111
00110000000000000000000000100110
01110001100010100100100101001110
01001100010010010100111001000101
01010011010010010101101001000101
00000000000001000011010100100110
10010110010000000000000000000000
00000000000010100000000000000000
00100110100001011000010001000010
01000001010100110100010100000000
00000100001101010010011010101001
01000000000000000000000000000000
00001010000000000000000000100110
10011110100001010101001101010100
01000001010101000100010100000000
00000100001101010010011010111101
01000000000000000000000000000000
00000000000000000000000000100110
10110001100000110011111001001001
01001110000000000000010000110101
00100110110011110100000000000000
00000000000000000000000000000000
00000000001001101100010110000100
01001100010000010101001101010100
00000000000001000011010100100110
11100010010000000000000000000000
00100110110101110000000000000000
00000000000000000000000000000000
00000000000000000000000000000000
00000000000000000000000000000000
00000000000000000000000000000001
00000101000000000000000000000000
00000000000000000000000000000000
00000000000000000000000000000001
00000010000000000000000000000000
00000000000000000000000000000000
00000000111111110000000000000000
00000000000000000000000000000001
00000100000000000000000000000000
00000110110010100000000000000000
00000110010010110000000000000000
00000010000111000000000000000000
00000010000010000000000000000000
00000000000000000000000000000000
