11000000101011100111110100000000
11000000000111101100000001000010
11000000011010011100000010001001
01111101000000000111110100000000
01111101000000000111110100000000
01111101000000000111110100000000
01111101000000000111110100000000
01111101000000000111110100000000
01111101000000000011011000000000
01000110001100110001001000110101
11111111001001110000001000110110
00000000010001110011001100011101
10000000000101000000001000110110
00000000010001100011010000110111
00000000000000010000000000000000
00001111001101101111100000010000
00110011000001000011010000100110
00000001011111011111111111111111
00110111000000000000000000000000
01101001001011110000001110000000
00011001000100110011011100000000
00000000000000000110100100110000
00110111000000000000000000000000
01101101000000100010111100010010
00000010000001110011000000110011
00110110111110000001010000110100
01111101000000000000000000000000
00000000000000000000000000000000
00000000001101101111100000100000
00110011001101100000001001000101
00111010000000111000000000010110
00110110000000001001000100110011
00010010001101011111111100100111
00000010001101100000000010010001
00110100001101110000000000000001
00000001000000000000111100110100
01111101111111111111111100110110
00000000101010100010111100000011
10000000000100010001001100000010
00110110000000001010101000110000
00100010100000000000100000110101
00000101001101100001011101001000
00001000011111010000000000000000
00000000000000000011011000000101
00000001001110100011011000000000
11010000001101010011010000110110
00100101111111100011101000110110
00011101000111000011101000110110
00010100001010010011101000110110
00000001000001000011010100001100
00110110001001011111111000111010
00110110000101111000101100111000
00001010001010100010101000101010
00100000010011100010111001001001
00101110010001110010111001000101
00101110001000000100110101100001
01100011011010000110100101101110
01100101001000000100011001001111
01010010010101000100100000100000
00101010001010100010101000001010
00001010010100000101001101000100
01010010010000010100110100100000
00110001001101100010000001001101
01000010001011000010000001010011
01010010010000010100110100100000
01100010011110010111010001100101
01110011001000000110011001110010
01100101011001010000101000001010
00000000000000000000000000000000
10000111010101000100100101001101
01000101010011110101010101010100
00000000000111010000001110000000
00001111001101100000000010101010
00110000001101101111100000101100
00101111001101010001000000101000
11000000000010100011011011111000
00101100001011110011010100010000
00101001001001110011011011111000
00101100001100000100000000000000
00000000000000010001010010000010
01001101010100110000000000001110
00110110111110000010100000101111
00001111001101101111100000101000
00101111000001010001110010111111
11111010010000010000000000000000
00000001001111111000010101010011
01000101010011010100100101010100
00000000000011100011011011111000
00001110001100110011010100000010
00100111101111111111100100110110
11111000000101000011010001000000
00000000000000000000000101010110
10000101010100110100101101000101
01011001001111110000000000001001
00110110000000000100011000110011
00110110000000000100011100110011
01011101000000000000000000000001
01110000100001000101001101001011
01000101010110010000000000011010
00110110000000010111100000111010
10111111111111000011011000000000
01000111000000100011001100010010
00110101111111110010011100000010
00000111001101000011011100000000
00000001000000000000000000001111
00110011010000000000000000000000
00000001100001011000010101010011
01010100010110010101000001000101
00000000000101110000001110000000
00010101000001010011001100110110
00000001010111100011101000010011
00000011100000000000101100110110
00000000011010010011000000110110
00000000011011010011000000100110
01000001000000000000000000000001
10101010100001010101001101011010
01000101010100100100111100000000
00001100001101011111111100000010
00110110000000000100011000110100
00110110000000000100011100110100
01000000000000000000000000000001
11001101100001000100001001000001
01010101010001000000000000001110
00110111000000000010111110101111
00001000000001000001001000011011
00000110001101101111100000011000
00110010010000000000000000000000
00000001111001011000010101001011
01001011010001010101100100111111
00000000000010010011011000000000
10010001001100110011011000000000
10010010001100110101110100000000
00000000000000011111111010000100
01001011010010110100010101011001
00000000000110100011011000000010
00000110001110101011111111111100
00110110000000001001001000000010
00110011000100100011010111111111
00100111000000100000011100110100
00110111000000000000000100000001
00000000000011110011001101000000
00000000000000000000000000000010
00010011100010010101000001010011
00110010010001000100010101000011
01001111010001000100010100000000
11011101001101010001001000000101
00011100000001010011010101011001
00011100001010001000000000001000
00000001001001100011010100000001
11000000101000010011010100010001
00000101000111001000000000001000
00000001001001100011010100000100
11000000100101010011010100010100
00000101000111001000000000001000
00000001001001100011010100001000
11000000100010010011010101011000
00000101000111001000000000001000
00000001001001100011010100000010
11000000011111010011010111100000
00000101000111001000000000001000
00000001001001100011010100100000
11000000011100010011010111110000
00000101000111001000000000001000
00000001001001100011010101000000
11000000011001010011011000000010
00110100001100110000001000110101
01000000001001111000000000000111
00000001000000010010011011000000
01010101000001000000010100110101
00000011001001110000001000110101
00000001000111000000010000110101
00000010000111000010100010000000
00000111001101100000001110011000
11000000001001100000010100110101
00100000001001111000000000011101
00000010001101010100101000011100
10000000000001110011011000000011
10101100110000000001000000000010
00110101010110100001110010000000
00000111001101100000001110011101
11000000000001010011011000000011
10001111110000000000010100110110
00000011001000100000111100110011
00000101001101010000100000100111
10000000000001010011010101100000
00010000000001000011010100000100
00100111100000000000010100110101
10000000000011110000001000100100
10000000000001000000000100100110
00100110001101100000001000110100
00000010000010000011001100110101
11011111001001110011010101000000
00000101001001111000000000010011
00000101001101010000001000100111
10000000000001010000011011000000
00000101000001000010100100100111
00110101101111110010011111000000
00001100000001010011010100000010
00100111100000000000010100101010
11000000000000110010100000001010
00110100010000000000000000010110
00000000000100100001000000001110
00001111000110010000000000010111
00010101000100110001000100001001
01100000000000000000000000000000
00000000000000000000000001110001
00110001000000000000000000000000
01111010011100110110000101110111
00110010000000000000000001100011
01111000011001000110010100110100
00110011000000000000000000100000
01110110011001100111010001110010
00110101000000000000000001101110
01100010011010000110011101111001
00110110000000000000000000000000
01101101011010100111010100110111
00111000000000000000000000101100
01101011011010010110111100110000
00111001000000000000000000101110
00101111011011000011101101110000
00101101000000000000000000000000
00100111000000000101101100111101
00000000000000000000000000000000
00001010010111010000000001011100
00000000000000000000000000000000
00000000000000000000000000000000
00001000000000000000000000110001
00000000001101000011011100000000
00000000000000000011000000101110
00110010001101010011011000111000
00011011000000000001100000101011
00110011001011010010101000111001
00000000000000000000000000000000
00000000000101000111111000000000
00000000000000000000000000000000
00000000010100010010000100000000
00000000000000000101101001010011
01000001010101110100000000000000
00000000010000110101100001000100
01000101001001000010001100000000
00000000001000000101011001000110
01010100010100100010010100000000
00000000010011100100001001001000
01000111010110010101111000000000
00000000000000000100110101001010
01010101001001100010101000000000
00000000001111000100101101001001
01001111001010010010100000000000
00000000001111100011111101001100
00111010010100000101111100000000
00000000000000000010001000000000
01111011001010110000000000000000
00000000000000000000101001111101
00000000011111000010111100001010
00000011000000000000011000001100
00000000000000000000000000001011
01111111000001010000000000000111
00000100000000000000000000000000
00000000000111100000000000000000
00011101000000000000000000000010
00111001100010000100001101010011
01010010001011010100000101000100
01000100010100100000000000010110
00110110000001111010100100101111
00101011001101100000011110111101
00101111001101100000011111110010
00110011000101000001011000000001
00001111001101101111100000000000
00101111010011110000000000000000
00000100000100011000100001000011
01010011010100100010110101010000
01001100010011110101010000000000
00001011001101100000011110010101
00110001001010000011011000000100
00011100001110100011001001000000
00000000000000000000010000110110
10000110010000110101001101010010
00101101010011110100111000000000
00001111001101010101111100110110
00000100000111000011101000010010
00000010001100110011011000000100
01101000001101000011010001000000
00100000000000000000000000000100
01010000100001110100001101010011
01010010001011010100111101000110
01000110000000000001101100110110
00000100011010000011001100110110
00000100000111000011101000010010
00110100010000000000000000000000
00000100011011011000011001010011
01000011010100100100111101001100
01001100000000000100001100110110
00000111111100100011001100010100
00010110000000010011011011111000
00000000001011110000111100000010
00110111000000000000000100000110
00000000000111101000000000001100
00000001001101110000000000000001
00000110000000000010011000100010
11000000001000000000001000110111
00000000000000010000011000000000
00110110000001111111001000110011
00010100001101100000011111100010
00110011000101110000000100001111
00000010000001110001111010000000
00000111000001100010011000100010
11000000000001000000000100100110
00000100001101101111100000000000
00110000010000000011011100000000
00000001000001100000000000000010
00110110001110101001100000110110
00000111011110110011001100110110
00000001000000000001011100000001
00110110000111100110011100111010
00110110111110000000000000110000
00100110001101100000011110101001
00110000001001100011011000000111
10111101001100000100000000000000
00000000000001001000011010000011
01000011010011000101001100000000
00000101001101100000010011010010
00111010010000000000000000000000
00000100111110111000011001010011
01000011010100100101001101000101
01010100000000000001101000110110
11111000000011000011001100110101
00011000001001110010110000101100
00110110000001010010110100001111
00000010001100110011011000000111
11110010001101000001001000110011
00110110000001111110001000110100
01000000010100000011110001010000
00110000011001000100101101100100
00111100000000000000000000000101
00001010100001110100111001000101
01010111010011000100100101001110
01000101000000000110101000110110
00000111101111010010111100000010
00110110000001111110001000110011
00010011000111001000000001010100
00000001001101010000000100110110
00000100100011110011101010000000
01001001001101101111100000000000
00101111001101100000011111110010
00110011000101000000111100110111
00000000000000010000011000000000
00110110001110011101000000110110
00011101111001100011101000110110
00000111111000100011001100010011
00110110000001111111001000110011
00010100000101110000000100110111
00000000000000010000011000000000
00001111000000100011011100000000
00000001011110110011000000000100
00010000000101010011011000000111
01111011001100110011011000000001
00000000000101110000000100110110
00011110011001110011101000110111
00000000000000010000011000000000
00110110111110000000000000110000
11000000000001110001001000110110
00000111101111010011000000100110
00110110000001111010100100110000
01000000000000000000000000000101
00111001100001110100001101010011
01010010001011010100011001010111
01000100000000000001101000110110
00000111101010010010111100000010
00110110000001111111001000110011
00010011000111001000000000001001
00000001001101100000010101000011
00111010110000000000011100010010
00110110000001111010100100110000
01000000000000000000000000000101
10110001100010000100001101010011
01010010001011010100001001000001
01000011010010110000000000001101
00110110000001111010100100101111
00000011100000000000011100010011
00110110000001111010100100110000
01000000000000000000000000000101
11011001100001110100001101010011
01010010001011010101010001000001
01000010000000000010001100110110
00000111101010010010111100110110
00000111110011110010111100000101
00000101000110110000000100010000
00001111000000100011011000000111
11110010001100110001001100011111
10000000000010010000000100110110
00000101010000110011101011000000
00000110001101100000011110101001
00110000010000000000000000000000
00000101111101011000100001010110
01000101010011010100100101010100
01010010010000010101011100000000
00001001001101100000010001000001
00111010001101100000010110111011
00111010010000000011010100001010
00000101000111001000000000001001
00000001001101100000010101000011
00111010110000000011101100110101
00001101000001010001110010000000
00000101000000011100000000110010
00110101000010000000010100011100
10000000000011100000000100110110
00000101111001000011101000100110
00110110000001000100000100111010
11000000001000000011010100001001
00000101000111001000000000001001
00000001001101100000010111111111
00111010110000000001001100110101
00001100000001010001110010000000
00001001000000010011011000000100
11010010001110101100000000000110
00110110000001100011000100111010
01000000000000000000000000000110
00100110100001010101011001000101
01001101010010010101010000000000
00001101001101100000010001110111
00111010001101100000011000111010
00111010001101100000010001011001
00111010010000000000000000000000
00000110100001011000100001010110
01010100010110010101000001000101
01010010010000010101011100000000
00100110001101100000010001110111
00111010000000111000000000011100
00000101000011110000010000000100
00001000000010000000100100110011
00110110000001100011000100111010
00001010000100100000001000001001
00011110001000100000010000001000
10111111111100100000101000001010
00000001000000010011011000000100
01011001001110100100000000000000
00000000000001101001111010000101
01010110010101000101100101010000
01000101000000000010011000110110
00000100011101110011101000000011
10000000000111000000010100001111
00000100000001000000100000001000
00001001001100110011011000000110
00111010001110100000101000010010
00000010000010010001111000100010
00000100000010001011111111110010
00001010000010100000000100000001
00110110000001000101100100111010
01000000000000000000000000000110
11010011100010100100001001000001
01000011010010110100011101010010
01001111010101010100111001000100
00000000000001010011011011111000
00001000001101000100000000000000
00000000000001110000010110001001
01001001010011100101010001000101
01010010010011000100000101000011
01000101000000000001100000110110
11111000000011000011001100000100
10000000000001110011010100001000
00101000110000000000010100110101
11110111001001110011011011111000
00001100001101000011011000000101
00010011001110100100000000000000
00000000000001110001101110000011
01010110010001110100000100000000
00011100001101100000010100000001
00111010001101101111100000001100
00110011000001001000000000000111
00110101000100000010100011000000
00000101001101011110111100100111
00110110111110000000110000110100
00110110000001010001001100111010
01000000000000000000000000000111
01000011100001110101000001000001
01001100010001010101010001010100
01000101000000000000010000110110
00000111011101110100000000110111
00111010000001111111000011111111
00000000000000000000000000000000
00000000000000000000000000000000
00000000000000000000000000000000
00000000000001110110100110000011
01001001010011100100101100000000
00000100001101100000011110010101
01000000001110000000000000000000
00000000000000000000000000000111
10001011100001010100001101010011
01010010001011010101100000000000
00000100001101100000011110101001
01000000000000000000000000000000
00000000000000000000000000000111
10011101100001010100001101010011
01010010001011010101100100000000
00000100001101100000011110111101
01000000000000000000000000000000
00000000000000000000000000000111
10110001100000110101010001000001
01000010000000000000010000110110
00000111110011110100000000000000
00000000000000000000001100000000
00000000000001111100010110000100
01010010010011110101011101010011
00000000000001000011011000000111
11100010010000000011110000000000
00000000000001111101011110000100
01000011010011110100110001010011
00000000000001000011011000000111
11110010010000000110010000000000
00000000000001111110011110000111
01010100010110010101000001000101
01010010010000010101011100000000
00000110001101100010011011010110
00101111001110100100000000000000
00000000000001111111011110000111
00111110010100100100010101001101
01001111010101000100010100000000
00010110001101100000000101011110
00110110001001101101101000110000
00110110000000011011001000110110
00100110110100100011000000110110
00000001101100100011011000100110
11010110001100000100000000000000
00000000000010000000101110000110
00111110010011000100111101000011
01000001010011000000000000010110
00110110000001101000110100110110
00100110110110100011000000110110
00000110110110110011011000100110
11010010001100000011011000000110
10101001001101100010011011010110
00110000010000000000000000000000
00001000001011111000011000111100
01001100010011110100001101000001
01001100000000000000111100110110
00000010000110100011011000100110
11011110001100000011011000000010
00000110001101100010011011100010
00110000010000000000000000000000
00001000010100101000011100111100
01010010010001010100110101001111
01010100010001010000000000001111
00110110000000011000110000110110
00100110110111100011000000110110
00000001011110000011011000100110
11100010001100000100000000110110
11111000001111000000001000110011
00110101000000010010100000000100
00110100010000000011011011111000
00111100000000100011001100110101
11111110001001110000010000110100
01000000001101101111100000111100
00000010001100110011010100000010
00101000000001000011010001000000
00110110111110000011110000000010
00110011001101011111110100100111
00000100001101000100000000110101
11111111001101101111100001000100
00110100010000000011010100001000
00110110111110000100010000110100
01000000001101101111100001000000
00000010001100110011010100000001
00100111101111111111101101000001
00111001000000000000100011000001
00110110111110000011100000110100
01000000001101011111111100111001
00000000000010001100110000111001
00000000000010001100000100110110
11111000001110000011001101000000
00110101000001100010011000000100
00001000000010000011100100000000
00001000110011000000101000010010
00000010000010010001111000100010
00000100000010001011111111110100
00001010000010100000000100000001
01000000001001100000000100111001
00000000000010001101010100000010
00110101111111110001110110111111
11110111010000000011100100000000
00001000111111010011100100000000
00001000110101010000000101000000
00000000000000000000000000000000
00000000000000000000100001101110
10000111010100110100010000101110
01101001011011100110100101110100
00000001010011010011011000010011
10001000001110010000000000000001
00011110001110010000000000001000
10110011001110010000000000001000
10000111001101010101000000100110
00000100000010000000100000110101
11111111001110010000000000001000
11001100000010100001001000000010
00001001000111100010001000000100
00001000101111111111001000001010
00001010000000010000000100111001
00000000000010001001001000110101
10010101001001100010011000100110
00100110001101010100000000111001
00000000000010001110010000111001
00000000000010010000101000110101
00000001000111011000000000001010
00110101011001000011100100000000
00000001010001001111111111100101
00110101100001110011010110101010
00110101000000010010011000100110
00110101010010000011100100000000
00001000111001000011100100000000
00001000111111010011010100000001
00011100100000001010001100110101
00000100001001100000010000001000
00001000001110010000000000001000
11010101000010100001001000000010
00001001000111100010001000000100
00001000101111111111010000001010
00001010000000010000000100111001
00000000000010001101010100000001
00110101101010100001110000000100
00110101000000010001110000100111
00000110000001101000000001110001
00110101000000010010011000100110
00100110001001100011010101110111
00111001000000000000100011100100
00111001000000000000100100001010
00000001001101010000000100100110
00100110001001100011010101000000
00110101011010010011100100000000
00001000111001000011100100000000
00001001000010100010001010111111
11011101001101010000000100100110
00100110001001100010011000110101
01111010001110010000000000001000
11100100001110010000000000001000
11111101000000010011010100000100
00100110000001000000100000001000
00111001000000000000100011010101
00001010000100100000001000001001
00011110001000100000010000001000
10111111111101000000101000001010
00000001000000010011100100000000
00001000110101010000000100000001
00000001000000010011010101000000
00100111100000000000101000110101
00000011001101100000100100010100
00110000110000000000100000110101
00000001001101100000100100010100
00110000001110010000000000001000
10111010110000000000100100110110
00000011111010010011100100000000
00000000000000001100000000101011
00110101000000010010011000100110
00100110001001100011010101110111
00111001000000000000100011100100
00111001000000000000100100001010
00000001001101010000000100100110
00100110001001100010011000110101
01101001001110010000000000001000
11100100001110010000000000001001
00001010001000101011111111011110
00100110001101100000100100010100
00110000001101010000000100100110
00110101000000100010011000100110
00110101010100000011100100000000
00001000111001000011100100000000
00001000111111010000000100111001
00000000000010001000011100110101
11111111001110010000000000001000
11001100001001100011100100000000
00000001000111100100000000110110
00001001000101000010111100110101
00000010001001110010001010000000
00000111001101100000001000000000
00010111000000010000001000110101
11111111001001110000010000110101
00000011001001100000010000001000
00001000001101010000100000111001
00000000000110101110011100000010
00110101111111110010011100000100
00001010000100100000001000001001
00011110001000100000010000001000
10111111111011010000101000001010
00000001000000010100000100111001
00000000000010001001001000111001
00000000000010001101010100110101
11111111000111001011111111111001
01000000000000000000000000001001
00011100100011100101001101000100
00101110010100100100010101000001
01000100001011010101001101000101
01000011010101000100111101010010
00000000011101010011011000000011
11101000001110010000000000000001
00011110001110010000000000001010
10100111001101010000000100000100
00111001000000000000101001110011
00110101010100010011100100000000
00001000111001000011100100000000
00001001000010100010001110000000
00001001001101100000001111101101
00111001000000000001011101001000
00111001000000000000100011010101
00110101111111100001110010111111
11111001000000100011011000000010
00000000000011110000010000000100
00001000000010000011100100000000
00001000110101010000100100110100
00001010000100100000001000001001
00011110001000100000010000001000
10111111111100100000101000001010
00000001000000010011010100000011
00100110000001000000100000001000
00111001000000000000100011010101
00000001000010100001001000000010
00001001000111100010001000000100
00001000101111111111001100001010
00001010000000010000000100111001
00000000000010001000011100110101
11111111001110010000000000001000
11001100001001100011100100000000
00000001000111100100000000000000
00000000000010101011100110001111
01010011010001000010111001010111
01010010010010010101010001000101
00101101010100110100010101000011
01010100010011110101001000000000
10001100001101100000011111010000
00111001000000000000000100011110
00111001000000000000101010100111
00110101000000010000010000111001
00000000000010100111001100110101
01011000001110010000000000001000
11100100001110010000000000001001
00001010001000111000000000001001
00110110000000111111001000111001
00000000000101110100100000110101
11111111001110010000000000001000
11001100001101011111111000111001
00000000000010001100110000000010
00110110000000100000000000001111
00000100000001000000100000001000
00001001001100110011100100000000
00001000110011000000101000010010
00000010000010010001111000100010
00000100000010001011111111110010
00001010000010100000000100000001
00110101000000100010011000000100
00001000000010000011010100000001
00111001000000000000100011001100
00001010000100100000001000001001
00011110001000100000010000001000
10111111111100100000101000001010
00000001000000010011100100000000
00001001000010100011010100011111
00100111001101010000010100011101
10000000000010010011011000000011
11110011001110010000000000010111
01001000001110010000000000001000
10000111001101011111111100111001
00000000000010001100110000100110
00111001000000000000000100011110
01000000000000000000000000001011
01000011100011010100011001000001
01010100001011100111001001100101
01100001011001000010110101101100
01101111011011100110011100000000
00110100000011110000001000110101
00000100000011110000010000000100
00001000000010000000100100110011
00001010000100100000001000001001
00011110001000100000010000001000
10111111111101100000101000001010
00000001000000010011010100000011
00100110000001000000100000001000
00110110000000010000000000010111
00000001000011110000101000010010
00000010000010010001111000100010
00000100000010001011111111110010
00001010000010100000000100000001
01000000000000000000000000001011
11100101100011100100011001000001
01010100001011100111011101110010
01101001011101000110010100101101
01101100011011110110111001100111
00000000001111110000111100001000
00001000000010010011010100011000
00111001000000000001101011100111
00110101111111110010011100001001
00110101000100000011100100000000
00011010111001110011010111111111
00100111000010010011010100001000
00111001000000000001101011100111
00110101111111110010011100001010
00110101111111110010011100001010
00000010001101010000010000001111
00000100000001000000100000001000
00001001001101000000101000010010
00000010000010010001111000100010
00000100000010001011111111110110
00001010000010100000000100000001
01000000000000000000000000001100
00101101100011010100011001000001
01010100001011100111001001100101
01100001011001000010110101110111
01101111011100100110010000000000
00001101000100100000111100000010
00110011001101100000000100000000
00010111000000010000010000010011
00110011010011110000000000000000
00001100100000011000111001000110
01000001010101000010111001110111
01110010011010010111010001100101
00101101011101110110111101110010
01100100000000000001011100001111
00001000000010000000100100110101
00001000001110010000000000011010
11100111001101011111111100100111
00001010001101011111111100100111
00001001001101000000101000010010
00110100010000000000000000000000
00001100101000101000010101001101
01001111010101010100111001010100
00000000101100110011100100000000
00001001001001100011011100000000
00000001011110110011000000000010
00001000001001100011100100000000
00001010110010100000100100110110
00000001111111100011100100000000
00001100100100010011011010101010
01010101000111011000000000001001
00110110000001111101000000111001
00000000000101110100100000001001
00110101010100100011100100000000
00001100100100010011011001000001
01000110000111011000000000001001
00110110000001111101000100111001
00000000000101110100100000001001
00110101000011010000111100110011
00110110000100001111001000110000
00001001001101010010110000111001
00000000000010111111010100000010
00110110000100010111000100110000
00110110000100010101011000110000
00001001001101010010000000111001
00000000000010111111010100110110
00010001000100010011000000001001
00110101000011100011100100000000
00001100100100010000001000110110
00010000110011010011000000001001
00110101000100000000111100110011
00001001001101010010010000111001
00000000000010111111010100010111
00000001000011110011011000010000
11010001001100000000100100110101
00000001001110010000000000001010
11001010000010010010011000111001
00000000000010111111010100110111
01000001011000010101001001010010
00011101100000000000100100110110
00000111110100100011100100000000
00000000000000000000101000110110
00000001111011000011100100000000
00001011111101010000001000100110
00010011000111001000000000000101
00000001001101010000001000110110
00010001001100110011000000100110
00110110000100001101010100110000
01000000000000000000000000001100
11001110100100000100011001000001
01010100001011100101010101110000
01100100011000010111010001100101
01000110010100110100100101101110
01100110011011110000000000100001
00110111000000000000000101111011
00110000000000100000100000110101
00000001001110010000000000001010
11001010001101100001000100110011
00101111000010010011011000000001
11101100001110010000000000001100
00111110000010100011010100000001
00111001000000000000101101010101
01000000000000000000000000001101
10001101100011000100011001000001
01010100001011100110001101101100
01110101011100110011001001110011
01100101011000110000000000001101
00010011000100110011011000010000
11110010001011110001011100000001
00110110000100001101000100101111
01001111001101010000010000010111
00000001001101100000001000000000
00011011001101100001000011001101
00101111000011110000001000110110
00010000110101010010111100011101
10000000000100110000001000110110
00010000110101010011000000110111
00000000000000010111110100110000
00000100001110010000000000001010
11001010110000000000001100000001
01000000000000000000000000001101
11000101100010110100011001000001
01010100001011100110011101100101
01110100001011010110011001100001
01110100000000000001010000111001
00000000000011011110000100110111
00000000000000010111110100110000
00000100001110010000000000001011
11110101001101110000111111111111
11111111111111110110011100000000
00000000000011100000110110001011
01000110010000010101010000101110
01110000011101010111010000101101
01100110011000010111010000000000
00011100001110010000000000001101
11100001001101110000000000000001
01111101001100000000010000111001
00000000000011000011111000110111
00000000000000010111110100110000
00110110000100001101010100101111
00111001000000000000101101010101
01000000000000000000000000001110
00110011100100110100011001000001
01010100001011100111001101110100
01110010011010010110111001100111
00110010011001100110100101101100
01100101011011100110000101101101
01100101000000000110011100001000
00001000001101110000000000000001
00000100000000000000001000000010
00000010001101010000110000001111
00000100000001000000100000001000
00110101001000000000100100110100
00001010000100100000001000001001
00011110001000100000010000001000
10111111111101000000101000001010
00000001000000010000101000001010
00000011100000000011011000110101
00001100001110010000000000010100
10000100000001010000111100000100
00000100000010000000100000001001
00110011000000100011010100101110
00011100100000000000101000000001
00000001000000100011010100001000
00001111110000000000100100111001
00000000000100100001011100000101
00110100000100100000101000010010
00000010000010010001111000100010
00000100000010001011111111100001
00001010000010100000000100000001
00000001110000000000110000000001
00110101001011100000010100110100
00010010001101010010111000000100
00110100010000000011100100000000
00001110011101110000010000000010
00001000001110010000000000001101
11010100000000100011011000010000
11110010001011110000111100000100
00000100000010000000100000110111
00000000000000010111101100110000
00001001001110010000000000001010
11001010001101110000000000000001
01111011001100000000001000110110
00000010000000000000111100000100
00000100000010000000100000001001
00110011000000100010001010000000
00001110000010100000101000000001
00000001000010100000101000000001
00000001000001100000101000000001
01000000001101011110010100011101
10000000010110010000100100110101
00001011000011110011001100110101
00001111001001110011010100001111
00011101100000000100110000000010
00110101000010110000100100110101
00001011001110010000000000010101
00100011100000000100000000000001
00001010000010100000100100000111
00000111000010000000100000001001
00110111000000000000000101111011
00110000000100000000100100110101
00010100001110010000000000001100
10010001001101110000000000000001
00000000000000000001011100000001
00001001001101010001101000111001
00000000000011001001000100001111
00001001001101010001110000111001
00000000000010111111010100001001
00110101000010110000111100110011
00001010000010100000000100000001
00001010000010100000000100000001
00001010000000010010011000010011
01000000001101010010000000001010
00001111000000100000100100011110
00100010000001000000100010111111
10001000000010100000101000000001
00000001000010100001001000000010
00001001000111100010001000000100
00001000101111110110001000001010
00001010000000010000000100001010
00111001000000000000111000011011
00000010001101110000111111111111
11111111111111110001110010111111
01000010000000010000000101100110
00000000000000000000111001100001
10001101010001100100000101010100
00101110011001100110100101101110
01100100001011010110011001101001
01101100011001010000000010001010
00110110000100010101011000101111
00000111000001110000010100001111
00010011000000100000100000000101
00000101000001010001000010000000
01011110000001000000100000001000
00001001001100110000001000110101
01011100000111000000010000110101
00101111000111000010100010000000
00111110000010010000010100010000
00111001000000000000111011011110
10000000001011010000001000110101
00001111001001110011010100001111
00011101000001000011010100010000
00011100001001111000000000010001
00000001000001100000011000000011
00100010100000000000011000110110
00010001011100010010111100001001
00010010110000000000111000001010
00001010000000010000000100001010
00000001000000010000000100000001
00000001001001100100000011000000
00001010000010100000101000000001
00000001000010100000000100100110
01000000000010100001001000000010
00001001000111100010001000000100
00001000101111111010111100001010
00001010000000010000000111000000
00000100000000010000000100000010
00110011000000100011010101011100
00011100000001000011010100101111
00011100001010001000000000000111
00001010000000010010011011000000
00000110000010100001001000000101
00010000001110010000000000001110
11011110010000000000000000000000
00001111101011001000110101000110
01000001010101000010111001101100
01101111011000010110010000101101
01100110011010010110110001100101
00000000001110000000001000001000
00111001000000000000110111010100
00000010001101100001000011110010
00101111000011110000010000000100
00001000000010000000001000001001
00111001000000000000101011001010
00110110000000100000000000001111
00001010000100100000001000001001
00011110001000100000010000001000
10111111111011100000101000001010
00000001000000010000101000111001
00000000000011100001101100000010
00110111000011111111111111111111
11111111000111001011111111001100
00000001010000010000000000000000
00010000010010101000011101101001
01101110011000110110110001110101
01100100011001010000000000101101
00110101001000000011100100000000
00010110100000010011100100000000
00010101011010100011100100000000
00001111101111001000000000011000
00000001000010000000011000000110
00110111000000001111111100000000
00000000000000100000011100111001
00000000000100000101101000001010
00111001000000000001100001100011
11000000000010000011010100000100
00111001000000000001011101001000
01000000000000000000000000000000
00000000000000000000000000000000
00000000000000000000000000000000
00000000000000000000000000010000
10010110100011100100011001000001
01010100001011100101001101100101
01100011010100000110010101110010
01000011011011000111010101110011
00000000000001000011011000010000
11110010010000000000000000000000
00000000000000000000000000000000
00010000110111011001000001000110
01000001010101000010111001010100
01101111011101000110000101101100
01010011011001010110001101110100
01101111011100100111001100000000
00000100001101100001000100010001
01000000000000000000000000000000
00000000000000000000000000010000
11111010100100110100011001000001
01010100001011100100111001100101
01111000011101000100011001110010
01100101011001010100001101101100
01110101011100110111010001100101
01110010000000000000010000110110
00010001001100110100000000000000
00000000000000000000000000000000
00000000000100010001100110010100
01000110010000010101010000101110
01000011011101010111001001110010
01100101011011100111010001000100
01101001011100100110010101100011
01110100011011110111001001111001
00000000000001000011011000010001
01010110010000000000000000000000
00000000000000000000000000000000
00010001001110111000110001000110
01000001010101000010111001010010
01101111011011110111010001000011
01101100011101010111001100000000
00000100001101100001000101110001
01000000000000000000000000000000
00000000000000000000000000010001
01011110100001110100011001000001
01010100001011100110001001110101
01100110000000000000011000110111
00000000000000010111101100110000
01000000000000000000000000010001
01111001100001010101001001000101
01010011010001010101010000000000
00100000001101100010011011100110
00110110001001100010010000110000
00110110011111110011000000110110
00100110001110010011000000110110
00100110100100110011011000100110
10011110001100000011010100001010
00110110001001100110010100110000
00110110000000001010111000111010
01000000000000000000000000010001
10001101100001100100000101000011
01000011010001010101000001010100
00000000010010010010011000000101
00000101000111011000000001000011
00000111001101100010010111011100
00111010000000100011010100001010
00011101100000000010100100000010
00110101000011010001110110000000
00100000000000100011011000100101
11101101001110100000001000110101
00001000000111011000000000011100
00000010001101010000100100011100
10000000000001010000000100110101
00100000000001010011010000010010
00000100000100100000010000000111
00000111111111111100111000000001
11111111111110110000010000110100
00010010010001100000000100000101
00100011101111111111001000010011
00000100000100110000010011111111
11101100000001100100011000000000
00000000000100011011100110000101
01010101010100000101000001000101
01010010000000000000101100000010
00110101011000010001111000100010
10000000000001010011010100100000
00010000010000000000000000000000
00010010000011111000010101000100
01001001010001110100100101010100
00000000001110010011011000010010
00010111001110100000001000000010
00110101010000010001001100011111
10000000000010110011010101000001
00010000001101010011100100001111
00010010110000000000101000000010
00110101001110010001111110000000
00000100000000010010011000110101
00110000000100000000001000110110
00100110011001010010111100011110
10000000000100000000001000010010
00100101100000000000011100000110
00100110001000101100000000000100
00000001001001101100000000000100
00000001001001100100000000000000
00000000000100100010011010000010
01000100001010110000000000010110
00110110111110000010110000000010
00101111000010000010011000000100
00110100000010000000010000001000
00001111000010100000101000011000
00001010001101101111100000101100
00110000010000000000000000000000
00010010011010111000001001000100
00101101000000000001011000110110
11111000001011000000001000101111
00001000001001100000010000110100
00001000000001000000100000010000
00001010000010100001100100001010
00110110111110000010110000110000
01000000000000000000000000010010
10001010100001110011111001001110
01010101010011010100001001000101
01010010000000000011010000001000
00001001001001011000000000010010
00000010001100110011011000010010
00101110001110101000000000000110
00100110001000101100000000000100
00000001001001101100000000000011
00100110100000000001110000000100
00001000000001000011011000100110
01100101001011110001011100000001
00000111001101100010011001100101
00101111000101110011011000010010
01110000001110100000101000010010
00001010000100110000100011111111
11010001000010100100000000000000
00000000000100101010100110000111
01001110010101010100110101000010
01000101010100100011111100000000
00101000000001010011001100110101
00101101000111000000001000001000
10000000000001100001001100000100
00010010000001000000100000001000
00100110001001100000101000001010
00110110000100101011001100111010
10000000000010000000000100000001
00000001000010100000000101100110
00000001000000010000101010000000
00000011000100010011010100000001
01000000000000000000000000010010
11101011100001000100100001001111
01001100010001000000000000001011
00110110001001101010111000000010
00101111000100110000001000000111
00110000001101000100000000000000
00000000000100110010000110000010
00111100001000110000000000001010
00110111000000000000000100000100
00000000001101100010011010101110
00110000010000000000000000000000
00010011001101111000001101010101
00100011001111100000000000001100
00000001001101100010011010101110
00101111001101110000000000000001
00000100000000000000010101010000
00000000000000000001001101001010
10000100010100110100100101000111
01001110000000000000101000100100
10000000000010000011010100101101
00110110000100110010100000111010
01000000000000000000000000010011
01100000100000100101010100100011
00000000000101110011011000100110
01100101001011110001101100000100
00000010001101010000100100011111
10000000000001010011010100000111
00001111001101010011000000001111
00110110000100110010100000111010
01000000000000000000000000010011
01110101100000110101010100100011
01010011000000000000100100110110
00010011011110100011101000000010
00100010101111111111101001000000
00000000000000000001001110010101
10000011010000010100001001010011
00000000000001100000001000100100
10000000000000110001000101000000
00000000000000000001001110101000
10000001001011100000000000100001
00000010001101100001001110101110
00111010001101100001001100111100
00111010001101100001001110011011
00111010000001000011011000010011
01100111001110100011011000010011
01010000001110100011011000100101
11111110001110100011010100100000
00110110001001011110110100111010
01000000000000000000000000010011
10111000100000100010111001010010
00000000001110100001001100001000
00000010001101100001001110101110
00111010001101100001001100111100
00111010000010100010011000000100
00001000000010000011011000010011
01111010001110100000101000010010
00000010000010010001111000100010
00000100000010001011111111110100
00001010000010100000000100000001
00110110000100111001101100111010
00000100001101100001001101100111
00111010001101100001001101010000
00111010001101100010010111111110
00111010001101010010000000110110
00100101111011010011101001000000
00000000000000000001001111100001
10000010010101010010111000000000
00010111001101100001001100111100
00111010001101100001001110011011
00111010001101100001001101010000
00111010001101100010010111111110
00111010001101010010000000110110
00100101111011010011101001000000
00000000000000000001010000100100
10000011010101010010111001010010
00000000001100000001001100001000
00110110000100110011110000111010
00001010001001100000010000001000
00001000001101100001001101111010
00111010000010100001001000000010
00001001000111100010001000000100
00001000101111111111010000001010
00001010000000010000000100110110
00010011100110110011101000110110
00010011010100000011101000110110
00100101111111100011101000110101
00100000001101100010010111101101
00111010010000000000000000000000
00010100010001001000001101001101
01001001010011100000000000001010
00000101000001010001111010000000
00000101000000011100000000000011
00000110010000000000000000000000
00010100011111101000001101001101
01000001010110000000000000001010
00000101000001010001111110000000
00000101000000011100000000000011
00000110010000000000000000000000
00010100100100101000011001010111
01001001010101000100100001001001
01001110000000000000100100000111
00000010000010000001111100001010
00000111000111100010001001100111
00000000000000000001010010100110
10000100010000110100111101001101
01010000000000000000100100000101
00000101000111100000011100000111
00011111000100010000111101000000
00000000000000000001010010111100
10000111010000110100111101001101
01010000010000010101001001000101
00000000010000000000011100000101
00000101001101100001010011000011
00111010000010000011011000010100
10000100001110100000001110000000
00101111001001100000010000001000
00001000000001010011001100000101
00110011000111011000000000010010
00000101001100110000010100110011
00110110000101001100001100111010
00000110000001100000101000000001
00001010000000010000101001000001
00010010000001000001001000000100
00001010000100100000001000001001
00011110001000100000010000001000
10111111110111010000101000001010
00000001000000010000000100000001
00001010010000000000000000000000
00010100110100001000001000100100
00111101000000000011101100000111
00000101000111011000000000000111
00000001000000010000000100100110
01000000001001100000010000001000
00001000000001010011001100110110
00010010000101110011101000000101
00110011001101100001001000010111
00111010000111011000000000001010
00000001000000010000101000000001
00001010000000010010011001000000
00010010000001000001001000000100
00001010000100100000001000001001
00011110001000100000010000001000
10111111110111010000101000001010
00000001000000010000000100000001
00100110011000100000000000000000
00010101000111101000010101000011
01001111010101010100111001010100
00000000000001010000001000010010
00000100001100110100000000000000
00000000000101010110001010000100
01000110010010010100111001000100
00000000010010100000001000110110
00010101011010100011101000110110
00100110100111100010111100000010
00001000001100110011010100100000
00100111001000101000000000101110
00000101000001010000100100000010
00010010000001000011001100110101
00011111001001110011011000010101
00100011001110101000000000011110
00000001000000010000000100001010
00000010001100110000001000110101
01000000001001111000000000000110
00110101000000011100000000000100
00100110001000100000100000110101
00011111001001110000111100110101
00000011000011110000101001000000
00001010001101010000010000010000
00101111000000110010001010111111
11000100000000010000000101100110
00000000000000000001010101110011
10000101010101110100111101010010
01000100010100110000000000101101
00110110000110101111101000111010
00110110000001111100111100000010
00101111000001000011010100001010
00000101001100000011011000100110
10011110001011110000001110000000
00011000000000100001001000000101
00110011001101010001111100100111
00110110001001011111111000111010
00110101000010010011011000100101
11101101001110100011010100000100
00010000111111111110100000110000
01000000000000000000000000010101
11001000100001010101000001000001
01010010010100110100010100000000
01101101000010000011011000100110
00100100001011110011010100000101
00001111001101110000000000000000
00100110101111100010111100110111
00000000000000000010011010100010
00101111000001010000111100001000
00110111000000000000000000100110
10001011001011110000111100000010
00001001000111101000000000110001
00000010001100110000101000001001
00000100000010000000001000110101
00100000000111001000000000010101
00000101000111010000010100110101
00001101000111010010011100000101
00110101000010100001110100100111
00000101001101010000100100011101
00100111110000000000010000000101
00011101100000000000110000000111
00000010000001110000010000110100
00010010000001000001001011111111
11010000000000010001001000110111
00000000000000000010011010111110
00101111000100000011011100000000
00000000001001101000101100110000
00001010000000010000101000000001
00110110001001100010010000101111
00110101000001010000111100000100
00000101010100000000000000000000
00010110000000011000010001010111
01001111010100100100010000000000
00100100000000100011011000010110
00001001001110100000001000100010
10000000000101010011011100000000
00000000001001101010001000101111
00110111000000000000000000100110
10001011001011110001111110000000
00000110000000010000000111111111
11100110000001000001001100000100
00000101001101000100011000000000
00000000000101100111101010001001
01001001010011100101010001000101
01010010010100000101001001000101
01010100000000000010001100110110
00010110110110100011101000110110
00100110011110010010111100100010
10000000000100110011011000010110
11010110001101010000010000110110
00100101111111100011101000110110
00011001001100100011101000110110
00010100001010010011101000110101
00001010001101100010010111101101
00111010010000000010000001001111
01001011001011010011011000100110
10100010001011110011011000100110
10001011001011110001111110000000
01011000001101010010000000110110
00010110100000010011101000000010
00110011100000000100101100110110
00010101011110100011101000000011
10000000000100010010010010000000
00001011001101100010011001111001
00101111100000000000010100110110
00011111101000100011101011000000
00110011000000100011011000010101
01101010001110100011011000010010
11110101001110100010001010000000
00011100001101100000011101111001
00110011001101100000011110010101
00110100001101100001101011111010
00111010001101100001010101101010
00111010001101100010010111111110
00111010001101010000000100110110
00010111010010000011101000000110
00110110001001100111100100101111
10000000000001100011011000100000
00011000001110101100000000000011
00000001111111111010000101000000
00000000000000000001011010100111
10000101010001010101001001010010
01001111010100100000000000100000
00110110000001110111100100110011
00110110000001111001010100110100
00110110000101110110100000110101
00000111001101100010010111111110
00111010001101100001001110111100
00111010001101010000101000110110
00100101111011010011101000110110
00010111100010110011101001000000
00001010010001010101001001010010
01001111010100100010000000000000
00000000000101110100000010000101
01000001010000100100111101010010
01010100000000000000010100110110
00010111100010110011101001000000
00000000000000000001011101110011
10000100010100010101010101001001
01010100000000000100110000100110
00110110000000010001111000111010
00100110000011100010011000001101
00100110001101100010011001111001
00110000001101110000000000000001
00000010000000000011011000100110
10111110001100000011011100000000
00000000000000001111111100110110
00100110110001100011000000110110
00000111011101110011001100110110
00000111100101010011010000110110
00100110101111100010111100110110
00100110110001100010111100110110
00010001110000100011101000110110
00100110101000100011000000100110
00110110001001101000101100110000
00110110000001110111100000110011
00110110000001111001010100110100
00110110000101101011001100111010
11111111110101110100000000000000
00000000000101111000010010000110
01010011010011110101010101010010
01000011010001010000000000001001
00110110001001101011111000101111
00110110001001101100011000101111
01000000000000000000000000010111
11011011100010100101001101000001
01010110010001010010110101001001
01001110010100000101010101010100
00000000000000010011011000100110
10111110001011110011011000100110
11000010001100000011011000100110
11000110001011110011011000100110
11001010001100000011011000100110
10100010001011110011011000100110
10100110001100000011011000100110
10001011001011110011011000100110
10101010001100000100000000000000
00000000000101111111000110001101
01010010010001010101001101010100
01001111010100100100010100101101
01001001010011100101000001010101
01010100000000000010000100110110
00100110110000100010111100110110
00100110101111100011000000110110
00100110110010100010111100110110
00100110110001100011000000110110
00100110101001100010111100110110
00100110101000100011000000110110
00100110101010100010111100110110
00100110100010110011000001000000
00000000000000000001100000100011
10001000010001010101011001000001
01001100010101010100000101010100
01000101000000000001111000001000
00001000001101100001011111111110
00111010000010100000101000110110
00100110101000100011000000110110
00100110101111100011000000100110
00110110001001101000101100110000
00110110000101101101101000111010
00110110000110000011001100111010
01000000000000000000000000011000
01011000100000110100111001001111
01010000000000000000000101000000
00000000000000000001100010000101
10000100010001000101001001001111
01010000000000000000000101000001
00000000000000000001100010010000
10000011010001000101010101010000
00000000000000010100001000000000
00000000000110001001110010000100
00111111010001000101010101010000
00000000000000100000001101000000
00000000000000000001100010100111
10000100010100110101011101000001
01010000000000000000000101000100
00000000000000000001100010110100
10000100010011110101011001000101
01010010000000000000000101000101
00000000000000000001100011000000
10000011010011100100100101010000
00000000000000010100011000000000
00000000000110001100110010000011
01010010010011110101010000000000
00000001010001110000000000000000
00011000110101111000010000101101
01010010010011110101010000000000
00000010000001110100011100000000
00000000000110001110001010000010
00111110010100100000000000000010
00001000010000000000000000000000
00011000111011111000001001010010
01000000000000000000001000001001
01000000000000000000000000011000
11111010100000010100100110000000
00000010000010010100000000000000
00000000000110010000010110000001
01001010100000000000100000001010
00001010000010010000011100000111
00001000000010000100000000000000
00000000000110010000111110000010
01010010001111100000000000000010
00001010010000000000000000000000
00011001000111111000010101000100
01000101010100000101010001001000
00000000000000010100101100000000
00000000000110010010101010000110
01010010010001000100010101010000
01010100010010000000000000000010
00001100010000000000000000000000
00011001001101111000000100101011
00000000000000010100111100000000
00000000000110010100011010000001
00101101000000000000000101010000
00000000000000000001100101001111
10000110010011100100010101000111
01000001010101000100010100000000
00000001010100010000000000000000
00011001010110001000001000110001
00101011000000000000000101010010
00000000000000000001100101100110
10000010001100010010110100000000
00000001010100110000000000000000
00011001011100001000001000110010
00101010000000000000000101010100
00000000000000000001100101111010
10000010001100100010111100000000
00000001010101010000000000000000
00011001100001001000001101010101
00110010001011110000000000000001
01101100000000000000000000011001
10001110100000100100110100101010
00000000000000100001011001000000
00000000000000000001100110011001
10000011010101010100110100101010
00000000000000100001011101000000
00000000000000000001100110100100
10000001001010100000000000000010
00010110010000010000000000000000
00011001101100001000000100101111
00000000000000100001101001000110
00000000000000000001100110111010
10000011010011010100111101000100
00000000000000100001101001000001
00000000000000000001100111000100
10000010001010100010111100000000
00000110000010000001011000000001
00001010000110100100011000000000
00000000000110011101000010000101
00101010001011110100110101001111
01000100000000000000011000001000
00010110000000010000101000011010
01000000000000000000000000011001
11011111100001000010111101001101
01001111010001000000000000000010
00011010010000000000000000000000
00011001111100011000000100111101
00000000000000010101110000000000
00000000000110011111111010000010
00111100001111100000000000000001
01011101000000000000000000011010
00000111100000010011110000000000
00000001010111100000000000000000
00011010000100011000000100111110
00000000000000010101111100000000
00000000000110100001101010000010
01010101001111000000000000000001
01100000000000000000000000011010
00100011100000100101010100111110
00000000000000010110000100000000
00000000000110100010110110000010
00110000001111010000000000000001
01100010000000000000000000011010
00110111100000110100111001001111
01010100000000000000000101100010
00000000000000000001101001000001
10000011001100000011110000111110
00000000000000010110001100000000
00000000000110100100110010000010
00110000001111000000000000000001
01100100000000000000000000011010
01010111100000100011000000111110
00000000000000010110010100000000
00000000000110100110000110000101
01000110010000010100110001010011
01000101000000000000000101100110
00000000000000000001101001101011
10000001001100000000000000000001
01100110000000000000000000011010
01111000100000100010110100110001
00000000000000100010011001100010
00000000000000000001101010000001
10000100010101000101001001010101
01000101000000000000001000100110
01100010000000000000000000011010
10001100100000110100000101001110
01000100000000000000000101100111
00000000000000000001101010011001
10000010010011110101001000000000
00000001011010000000000000000000
00011010101001001000011001001001
01001110010101100100010101010010
01010100000000000000000101101001
00000000000000000001101010101110
10000011010110000100111101010010
00000000000000010110101000000000
00000000000110101011110010000110
01001100010100110100100001001001
01000110010101000000000000001010
00000011100000000000100000010011
00000100001010110000010011111111
11111001010000000000000000000000
00011010110001111000011001010010
01010011010010000100100101000110
01010100000000000000101000000011
10000000000010000001001100000100
00101100000001001111111111111001
01000000000000000000000000011010
11011110100000100100001101010010
00000000000001110011010100001010
00110110001001011110110100111010
01000000000000000000000000011010
11110101100001010101001101010000
01000001010000110100010100000000
00000111001101010010000000110110
00100101111011010011101001000000
00000000000000000001101100000101
10000110010100110101000001000001
01000011010001010101001100000000
00011001001001100000010000001000
00001000001101010010000000110110
00100101111011010011101000001010
00010010000000100000100100011110
00100010000001000000100010111111
11110010000010100000101000000001
00000001010000000000000000000000
00011011000110001000010101011000
01000010010110010101010001000101
00000000000000010110110100000000
00000000000110110011111010000101
01011000010101110100111101010010
01000100000000000000000101101110
00000000000000000001101101001011
10000001010000000000000000000010
00101111010000000000000000000000
00011011010110001000000100100001
00000000000000100011000001000000
00000000000000000001101101100010
10000010001010110010000100000000
00000111000001000000010100101111
00001111000001000011000001000000
00000000000000000001101101101100
10000010010101110100000000000000
00000010001100010100000000000000
00000000000110110111110010000010
01010111001000010000000000000010
00110010010000000000000000000000
00011011100001111000001101010111
00101011001000010000000000000111
00000100000001010011000100001111
00000100001100100100000000000000
00000000000110111001001010000010
01000011010000000000000000000010
00110011010000000000000000000000
00011011101000111000001001000011
00100001000000000000001000110100
01000000000000000000000000011011
10101110100000110100001100101011
00100001000000000000011100000100
00000101001100110000111100000100
00110100010000000000000000000000
00011011101110011000011101000100
01000101010000110100100101001101
01000001010011000000000000000111
00110101000010100011011000100110
01100101001100000100000000000000
00000000000110111100101010000011
01001000010001010101100000000000
00000111001101010001000000110110
00100110011001010011000001000000
00000000000000000001101111011111
10000110010000100100100101001110
01000001010100100101100100000000
00000111001101010000001000110110
00100110011001010011000001000000
00000000000000000001101111110000
10000100010000110100100001000001
01010010000000000000100100110101
00100000001101100001011010000001
00111010000100100011001101000000
00000000000000000001110000000100
10000010010000100100110000000000
00000011001101010010000001000000
00000000000000000001110000011000
10000101001100100100010001010010
01001111010100000000000000000010
00000001010000010000000000000000
00011100001001001000010000110010
01000100010101010101000000000000
00000010000001010100010100000000
00000000000111000011001010000101
00110010010011110101011001000101
01010010000000000000110100110101
00000011001101100001110001110001
00111010001101010000001100110110
00011100011100010011101001000000
00000000000000000001110000111111
10000101001100100101001101010111
01000001010100000000000000000110
00001000000001110000011100001010
00000111010001110000000000000000
00011100010110001000010001010000
01001001010000110100101100000000
00001101000010110000010000010000
00110101000001000001011100000001
00110110111000000000010000001111
00101111010000000000000000000000
00011100011010101000010001000100
01010101010011010101000000000000
01010101000001010000111100001000
00110101000010100011011000100101
11101101001110100000001000110101
00000110001101100001010001001010
00111010001101010010000000110110
00100101111011010011101000000010
00110101000010000011011000001000
00000001001110100011010100100000
00110110001001011110110100111010
00110101000010000010011000000100
00001000000010000011010100100000
00110110001001011110110100111010
00000010001100110011010100000010
00110110000101000100101000111010
00010010000010100001001000000010
00001001000111100010001000000100
00001000101111111110100100001010
00001010000000010000000100000010
00001001000111100010001010111111
10111001001101010000101000110110
00100101111011010011101000001010
00000001010000010000000000000000
00011100100000101000001000101110
01010011000000000010100000001011
00110101000001000001011100000001
00110110111000000000100000001111
00000010001101101110000000001000
00011111100000000001001100110101
00001010001101100010010111101101
00111010000000100010111100110110
00010011101111000011101000110101
00000100000100001111111111101010
00110101000010100011011000100101
11101101001110100100000100000000
00000000000111001110001010000110
01010101010011100101010101010011
01000101010001000000000000001000
00110110101100000000000000110110
00100110001001000010111101010000
00110110000111010001110000111010
00110101100000000001111010000000
00001111001101100001110100111011
00110101000010000011011000100101
11111110001110100011011000010111
01111011001110100100000001001100
01001111010101110010000001001101
01000101010011010000101000000000
00000000000111010001001110000110
01000011010100100100010101000001
01010100010001010000000000110000
00110110000111010010010000111010
00110101001000000011011000010110
10000001001110100000000100110110
00011101101011000011101000000010
00010011000100110011010100000110
00000100001100100011010100110111
00000101001101000001001000000010
00110101000010110000111100000101
00110000001101010000010000001111
00110101010000000000010100110100
00110101000001110000111100110110
00100110001001000011000001000000
00000000000000000001110101000111
10000101010001000100111101000101
01010011001111100000000000100000
00110110001001101011101000101111
00110101000011000000010100110010
00110101000001110000111100110101
00110111000001010011010000010010
00001010000001010011000000110101
00000100000011110011010100111010
00000101001101000001001000110101
01000000000001000011010001000000
00110110001001100010010000101111
00000010000010000011011000100110
10011110001011110000010000110000
00001010001101010000010000001111
00000010001101100010011010011110
00110000000000100011001100000010
00001000001101011000000000101000
00000101001101000000101000001111
00010010000000100011011000100110
10111010001100000011010100000010
00001111000000100011011000100110
00100100001100000100000000000000
00000000000111011000010010000100
01001101010011110101011001000101
00000000010011000000001110000000
01001000000010000000010100000101
00011111100000000001111100001010
00100110000001000000100000001000
00000101001100110000010100110100
00010010000001000001001000000100
00001010000100100000001000001001
00011110001000100000010000001000
10111111111100000000101000001010
00000001000000011100000000100101
00001001000011110001001100000100
00001001000011110001001100000100
00001010001001100000010000001000
00001000000001010011001100000101
00110100000100110000010000010011
00000100000010100001001000000010
00001001000111100010001000000100
00001000101111111111000000001010
00001010000000010000000100000001
00000001010000000000000000000000
00011101110111111000010001000110
01001001010011000100110000000000
00011101000001110000011100000011
10000000000110000010011000000100
00001000000010000000010100000101
00110100000100100000101000010010
00000010000010010001111000100010
00000100000010001011111111110100
00001010000010100000000100000001
00000001010000010000000000000000
00011110001101101000011001000110
01001001010011000100110000101110
01010111000000000001111000000111
00000111000000111000000000011001
00100110000001000000100000001000
00000101000001010011001000010010
00010010000010100001001000000010
00001001000111100010001000000100
00001000101111111111001100001010
00001010000000010000000100000001
01000001000000000000000000011110
01011110100000010010110000000000
00001111001101100010011000100100
00000010000010000010111100000100
00000101001100000011010100000100
00001111000010100011000001000000
00000000000000000001111010001001
10000010010101110010110000000000
00001110001101100010011000100100
00000010000010000010111100000100
00000101001100100001001000010010
00001010001100000100000000000000
00000000000111101010000010000010
01000011001011000000000000001101
00110110001001100010010000000010
00001000001011110000010000000101
00110100000100100000101000110000
01000000000000000000000000011110
10110111100000100100110100101100
00000000000101010011011000100110
00100100000000100000100000101111
00000010000010000000010000000010
00001000001101100001110111100110
00111010000010100000101000001111
00001010001100000100000000000000
00000000000111101100110110000010
00100100001011000000000000001010
00000010001101100001111010111100
00111010001101100001111011010010
00111010010000000000000000000000
00011110111010111000010101000001
01001100010011000100111101010100
00000000000010000011011000100110
00100100001101100001101101110001
00111010010000000000000000000000
00011110111111101000100001010110
01000001010100100100100101000001
01000010010011000100010100000000
00011100001101100001111101000001
00111010001101100010011000100100
00101111001101010000011000001111
00000010001101100010000000011000
00111010001101100001111101101110
00111010001101010000010000001111
00110110001001100010010000110000
01000000000000000000000000011111
00010010100000010011101000000000
00100101001101100001110100100100
00111010001101010010000000110110
00010110100000010011101000000001
00110110000111011010110000111010
00110110001001101011011000110000
00110110001001101001111000101111
00000010001100110011010100100000
00101000000001000011010000100110
00100010001101100010011001111001
00110000010000000000000000000000
00011111001111011100000100111011
00000000001001010011010101000000
00110110000111101011110000111010
00110110001001100010010000101111
00110110001001101011011000101111
00010000001101100010011010111010
00101111001100100011011000100110
10011110001011110000001000110011
00110101110111110010011100000100
00110100001001100011011000100110
01111001001100000100000000000000
00000000000111110110101010001000
01000011010011110100110101010000
01001001010011000100010100101100
00000000010010000000001000010011
00010011001100010011011010000000
00000000000001010010011110000000
00000100000000010010011000110110
00100110010100100010111100100001
10000000000011100011011000100000
00011000001110100011010100111010
00110110000111101011110000111010
11000000001010010011011000100110
00100100000000100000100000101111
00000010000010000000010100010011
00010011001100010011011000111111
11111111001001110000001000001000
00110110000111011110011000111010
00001010000010100000111100010011
00000010001100110011010100111111
00100111000000111000000000000101
00000101001101000001001000001010
00110000010000000000000000000000
00011111100101111000000100100111
01000000000110000011010100100000
00110110000101101000000100111010
00000010001100111000000000001001
00110110000101010111101000111010
10000000000000110100000000110101
00000010001101100001011101001000
00111010010000000000000000000000
00011111111011101100011101001100
01001001010101000100010101010010
01000001010011000000000000110111
00110110001001100010010000000010
00001000001011110000010000000010
00110101111111110010000110000000
00011111000000100011011011111111
11111111001000011000000000001101
00000101001101010011011100000101
00110100000100100011000000110101
00000101110000000000101100000101
00110101001101100000010100110100
00010010001100100011010100000011
11000000000010110000010100110101
00110101000001010011010000010010
00110100001101010000001000001111
00001010001100000100000000000000
00000000001000000000111010001000
01000011010011110100111001010011
01010100010000010100111001010100
00000000000011010011011000011111
01000001001110100011011000100000
00011000001110100011011000011111
01101110001110100100000000000000
00000000001000000101001110001001
01001001010011010100110101000101
01000100010010010100000101010100
01000101000000000000110000110110
00100110100111100010111100000010
00110011001101010100000000101000
00000100001101000100000000000000
00000000001000000110111110000011
01011011001001110101110100000000
00001001001101100001111111110010
00111010001101100010000000011000
00111010010000000000000000000000
00100000100010111100100001010000
01001111010100110101010001010000
01001111010011100100010100000000
00001001001101100001111111110010
00111010001101100001111110100010
00111010010000000000000000000000
00100000100111101100011001011011
01000011010010000100000101010010
01011101000000000000010100110110
00011100000010110011101001000000
00000100000001010011000100101000
00000100001100100100000000110110
00100110001001000010111100000100
00010000000100110011011000111111
11111111011001110011011000100110
00100100001011110001000000010011
00110110001111111111111101100111
00000000000000000010000010110110
11000010010010010100011000000000
00001100001101100010011000100100
00101111001101101000000000000000
00110110000111101010010100111010
01000000000000000000000000100000
11100100110001000101010001001000
01000101010011100000000000001011
00000010001101100010000011001011
00111010000001000011011000100000
11000100001110100100000000000000
00000000001000001111100111000100
01000101010011000101001101000101
00000000000101110011011000100110
00100100001011110011011011000000
00000000001101100001111010100101
00111010000001000000001000110110
00100000110010110011101000000100
00110110001000001100010000111010
01000000000000000000000000100001
00001111110001010100001001000101
01000111010010010100111000000000
00000101001101100010011000100100
00101111010000000000000000000000
00100001001100011100010101000001
01000111010000010100100101001110
00000000000011010011011000100000
11010110001110100011011011000000
00000000001010000011011000011110
10100101001110100100000000000000
00000000001000010100001011000101
01010101010011100101010001001001
01001100000000000000110100110110
00100000110101100011101000110110
10000000000000000010100000110110
00011110101001010011101001000000
00000000000000000010000101011011
11000101010101110100100001001001
01001100010001010000000000000101
00110110001000001110100100111010
01000000000000000000000000100001
01110100110001100101001001000101
01010000010001010100000101010100
00000000000010100000010000110110
00100001010010100011101000110110
00100001000000000011101001000000
00000000000000000010000110000101
11000010010001000100111100000000
00000101001101100010000111010010
11000000000100010000000000000000
00100001100111001100001100111111
01000100010011110000000000000101
00110110001000011101111011000000
00000010001101100001111110100010
00111010001101100010000111011000
00110110000111111010001000111010
00110110001000100111111000111010
00110110100000000000000000110110
00011110101001010011101000110110
00100110001001000010111101000000
00000000000001000010011000100010
00000111010001110000000000000100
00000100000010000000100001000000
00000000000001010000010100000101
00011101000001110100011100000000
00000000001000011010101011000100
01001100010011110100111101010000
00000000000001000011011000100010
00111101110000000001001100000000
00000000001000011110011111000101
00101011010011000100111101001111
01010000000000000000010000110110
00100010010010001100000000000010
00110110000111111010001000111010
00110110001000010110001100111010
00110110001001101100111000000010
00101111001101110000000000000001
00000100000000000000011100000101
00000100001100000000010000001000
00001000000010010010111100110110
00100001000000000011101000110101
00000100000010100000111100000010
00001001000111100010001000000100
00001000101111111111000000001010
00001010000000010000000100110110
00100010011000100011011000011111
10100010001110100100000000000000
00001001000010100001001000000010
00001001000111100010001000000100
00001000010000001000000000001101
00000010001001000000010000001010
00001111000000100000100100011110
00100010000001000000100000101010
01000000000000000000000000100001
11110111100001100101010101001110
01001100010011110100111101010000
10000000000001000000101000001010
00000001010000010000000000000000
00100010010110011100010101001100
01000101010000010101011001000101
00000000000011000011011000100010
01111110001110100011011011000000
00000000001101100001111010100101
00111010010000000011011000100110
11001110000000100000100000101111
00110110001001100010010000101111
00000101001100000011010100000100
00001111000010100011000001000000
00000000000000000010001001101010
11000100010000110100000101010011
01000101000000000000000100100110
01000000000000000000000000100010
10010100110000100100111101000110
00000000000101010000100000110110
00000101000111000011011000011110
10100101001110100011011000100000
11101001001110100011010100000001
00110110000111101011110000111010
00001010000100100100000000000000
00000000001000101010000111000101
01000101010011100100010001001111
01000110000000000000011100001000
00110110001000010001011000111010
00001010010000000000000000000000
00100010101111111100011101000101
01001110010001000100001101000001
01010011010001010000000000011101
00110101000000010011011000011110
10111100001110100010011000000100
00001000000010000011011000100001
00000000001110100000101000010010
00000010000010010001111000100010
00000100000010001011111111110100
00001010000010100000000100000001
01000000000000000000000000100010
11010010110000010101101100000000
00000110001001100011011000100110
01111001001100000100000000000000
00000000001000101111110111000001
01011101000000000000011100100110
00100010001101100010011001111001
00110000010000000000000000000000
00100011000010111100011101010010
01000101010000110101010101010010
01010011010001010000000000001111
00110110001001101011011000101111
00110110001000000001100000111010
00110101001110100011011000011110
10111100001110100100000000000000
00000000001000110001101010000100
01000101010110000100100101010100
00000000000000100000101000111000
00000000000000000010001100110111
10000011010100100101010001001001
00000000000000010111110100000000
00000000001000110100010010000111
01000101010110000100010101000011
01010101010101000100010100000000
00000010001110100100000000000000
00000000001000110100111110000101
01000011010001010100110001001100
00101011000000000000001100110101
00000100010011110000000000000000
00100011010111111000010101000011
01000101010011000100110001010011
00000000000001000011010100000100
00010110010000010000000000000000
00100011011011101100100001010011
01001100010010010101010001000101
01010010010000010100110000000000
00100000000000100001001000110110
11000000000000000010100000110110
00011110101001010011101000000010
00001000001101100010011000100100
00101111000010000011011000011110
11010010001110100000101000110110
00100000000110000011101000001010
00110110001000000001100000111010
01000000000000000000000000100011
01111110110010000100001101001100
01001001010101000100010101010010
01000001010011000000000000011010
00000010000100100001001000110110
11000000000000000010100000110110
00011110101001010011101000110110
00100110001001000010111100001000
00110110000111101111000000111010
00001010001101100010000000011000
00111010010000000000000000000000
00100011101011011000001000101100
00100010000000000000100100110110
00100100010111000011101000110110
00011110111100000011101001000000
00110110001001101011001000000010
00001000001011110011011100000000
00000001000001010000000000010000
00000101000011110011011000000001
00000000000111111000000000001001
00110111000000000000000100000101
00000000000010010011000000001001
00101111000000100000011100001111
00001010001100000100000000000000
00000000001000111101011011000010
01010011001000100000000000100001
00110110001001000101110000111010
00110110001001100111100100101111
10000000000010000011011000100011
10001001001110101100000000010010
00000010000010000000001000110110
00100011111001000011101000000010
00001000000001000011011000011101
11100110001110100000101000001010
01000000000000000000000000100100
00001011110000100100001100100010
00000000001000100011011000100100
01011100001110100011011000100110
01111001001011111000000000001000
00110110001000111011100000111010
11000000000100110000001000110110
00100011111001000011101000000010
00001000000001010000010100110100
00010010000001000011011000011101
11100110001110100000101001000000
00110101001000100011011000010110
10000001001110100011011000010101
01101010001110100100000000000000
00000000001001000011010111000010
00101110001000100000000000001100
00110110001001000001000000111010
00110110001001011111111000110110
00011111101000100011101001000000
00000000000000000010010001101011
11000001001010000000000000001000
00110101001010010011011000010110
00001001001110100000000101000001
00000000000000000010010010000000
11000001010111000000000000000111
00110101000010100011011000010110
10000001001110100100000100000000
00000000001001001001000010000010
00101110001010000000000000001111
00110101001010010011011000010110
10000001001110100011011000010101
01101010001110100011011000100101
11111110001110100100000000000000
00000000001001001001111110000101
01000001010011000100100101000111
01001110000000000000000101000000
00000000000000000010010010110111
10000111010000010100110001001001
01000111010011100100010101000100
00000000000000100001001000101100
01101011000000000000000000100100
11000100100001100100110101000001
01010010010010110100010101010010
00000000001001100011011000100110
00100100001011110011011000100110
00111001001011110011011000011111
01000001001110100011011000100000
00011000001110100011011000100000
00011000001110100011011000100101
00000100001101100010000000011000
00111010001101010011100000110110
00011110101111000011101000110110
00011111011011100011101001000000
00000010001011110011011000100110
10011110001100000011011000100110
00100100001100000011011000100110
00111001001100000100000000000000
00000000001001001101010110000111
01000010010101010100011001000110
01000101010100100011101000000000
00011010000100100010110000101011
00110110000111110100000100111010
00110110001001100011100100101111
00000010001101100010000000011000
00111010001101100001111101101110
00111010000011110011011000100110
00111001001100000100000000000000
00000000001001010001011110001000
01010011010000100101010101000110
01000110010001010101001000111010
00000000000111000011011000011111
01000001001110100010011000010011
00110110001000000001100000111010
00110110000111110110111000111010
00110110001001100010010000101111
00000010001101010000010100010000
00110000001101100001111100000110
00111010010000000000000000000000
00100101001111111000010101000100
01000101010001100100010101010010
00000000001001100011011000011111
01000001001110100011011000100101
10011000001101100010011000100100
00101111001101010011011100110110
00011110101111000011101000110101
00000100001101100001111100000110
00111010001101100010010110110000
00111010001101010011101000110110
00011110101111000011101000110110
00011111011011100011101001000000
00110101000000110011011000010111
01001000001110000000000000000000
00100101011010101000001001001001
01010011000000000000100100110110
00011111111100100011101000110110
00100101101100000011101001000000
00010010001100000100000000000000
00000000001001011010001010000001
00111111000000000000011000101111
00110110000101000010100100111010
01000000000000000000000000100101
10110111100001000100101101000101
01011001001111110000000000000110
00110110001001101110001000101111
00111010010000000000000000000000
00100101110001011000001101001011
01000101010110010000000000000110
00110110001001101101111000101111
00111010010000000000000000000000
00100101110101101000010001000101
01001101010010010101010000000000
00000110001101100010011011011010
00101111001110100100000000000000
00000000001001011110011010000100
01010100010110010101000001000101
00000000000001100011011000100110
11010010001011110011101001000000
00000000000000000010010111110111
10000011010100000100000101000100
00000000000001100011011100000000
00000001000001000000000001000000
00000000000000000010011000001000
10000100010010000100010101010010
01000101000000000000010100110110
00100110001001000010111101000000
00000000000000000010011011100110
00000000000000000010011000011000
10000101010010000100010101010010
01000101001100010000000000000101
00110110001001100011100100101111
01000000000000000000000101111111
00110000000000000000000000100110
00101100100010100100100101001110
01001100010010010100111001000101
01010011010010010101101001000101
00000000000001000011011000100110
01010010010000000000000000000000
00000000000010100000000000000000
00100110010000011000010001000010
01000001010100110100010100000000
00000100001101100010011001100101
01000000000000000000000000000000
00001010000000000000000000100110
01011010100001010101001101010100
01000001010101000100010100000000
00000100001101100010011001111001
01000000000000000000000000000000
00000000000000000000000000100110
01101101100000110011111001001001
01001110000000000000010000110110
00100110100010110100000000000000
00000000000000000000000000000000
00000000001001101000000110000100
01001100010000010101001101010100
00000000000001000011011000100110
10011110010000000000000000000000
00100110100100110000000000000000
00000000000000000000000000000000
00000000000000000000000000000000
00000000000000000000000000000000
00000000000000000000000000000001
00000101000000000000000000000000
00000000000000000000000000000000
00000000000000000000000000000001
00000010000000000000000000000000
00000000000000000000000000000000
00000000111111110000000000000000
00000000000000000000000000000001
00000100000000000000000000000000
00000110110110110000000000000000
00000110101010010000000000000000
00000110100011010000000000000000
00000010000110100000000000000000
00000010000001100000000000000000
00000000000000000000000000000000
